209198278400618496,3
216483956134952960,3
223257279989555200,3
227341438709465088,3
152024085059076096,2
171532692070858752,2
173692336981671936,2
175905194725343232,2
176240788756234240,2
176283889893900288,2
176916112099770368,2
178834222771863552,2
182461358632103936,2
200893626733629440,2
205704754242756608,2
208119083051155456,2
211838662683054080,2
212391279684390912,2
213177861867638784,2
214586230361042944,2
215772677992648704,2
217692489172910080,2
219004590679752704,2
220910873550843904,2
221453822816800768,2
221476563811594240,2
221532293458518016,2
222353206206287872,2
222730590456713216,2
225045446557503488,2
225276485338669056,2
226320438310043648,2
227258312435699712,2
227294971435814912,2
227808162913460224,2
228168395530227712,2
228213570017509376,2
228493201315307520,2
229225508992651264,2
229254530781487104,2
229963788863107072,2
229972380672700416,2
230255599089930240,2
230268245921316864,2
230316502154035200,2
151974715487944704,1
169956542974525440,1
170183788037406720,1
170222125888569344,1
170437949681303552,1
170484098081488896,1
170530053531107328,1
170547097223823360,1
170560717961822208,1
170584756566622208,1
170623129993871360,1
170684564165885952,1
170699390661427200,1
170716594614304768,1
170735399147143168,1
170882224097329152,1
170976462281637888,1
171122350987673600,1
171142181770231808,1
171215902698635264,1
171227054233092096,1
171244154762821632,1
171263956189446144,1
171288712179613696,1
171440912742744064,1
171455597873463296,1
171456416148619264,1
171488018383765504,1
171493367782309888,1
171501709003063296,1
171552561596203008,1
171750934664183808,1
171772273479385088,1
172143687713685504,1
172229918464147456,1
172281291230674944,1
172419765841690624,1
172623012279877632,1
172627995654094848,1
172635895738925056,1
172772913231953920,1
172859769302810624,1
172990292633321472,1
173244788873625600,1
173332069491933184,1
173401073640275968,1
173659209278160896,1
173782397337206784,1
174107735007166464,1
174198319004778496,1
174398126730248192,1
174625527045292032,1
174920775692713984,1
174944036207984640,1
175129066679042048,1
175133060474339328,1
175173449050750976,1
175193324896911360,1
175196018910953472,1
175198253464158208,1
175206287263399936,1
175208017032118272,1
175236874145628160,1
175241617584685056,1
175257507147546624,1
175267191522852864,1
175273168892592128,1
175283090564841472,1
175383846072614912,1
175391522097725440,1
175399037296443392,1
175418166829121536,1
175447186069258240,1
175454026685480960,1
175486065010802688,1
175491450375503872,1
175494662553862144,1
175524830899077120,1
175557022140334080,1
175571353649283072,1
175577623743692800,1
175592567772020736,1
175595958870999040,1
175596271866740736,1
175598903394041856,1
175602580091568128,1
175604652270682112,1
175611028908802048,1
175616737658535936,1
175618005881847808,1
175629337960120320,1
175629588762722304,1
175635249722556416,1
175639569650155520,1
175640156819161088,1
175645714989187072,1
175648390577651712,1
175663324304769024,1
175672302598356992,1
175783266723299328,1
175812028194095104,1
175877561870450688,1
175913364592001024,1
175954404078256128,1
176005693139058688,1
176139226620887040,1
176185982977048576,1
176225850574766080,1
176271090153160704,1
176283892511145984,1
176296701533880320,1
176306348974145536,1
176311642986905600,1
176341540694654976,1
176352732205023232,1
176375598124367872,1
176404862798397440,1
176465389062979584,1
176562139694104576,1
176614029693812736,1
176623200027803648,1
176639211800100864,1
176680059535360000,1
176681589667790848,1
176694422048604160,1
176712078835318784,1
176763461307465728,1
176847058789990400,1
176944176884088832,1
176958678782443520,1
176965106079367168,1
177052789472493568,1
177069403228078080,1
177090152856813568,1
177091449026772992,1
177095174290145280,1
177107757164396544,1
177429436616933376,1
177512629017772032,1
177545062421364736,1
177589297669472256,1
177630351244394496,1
177659533114474496,1
177667163732049920,1
177678703046688768,1
177726451057950720,1
177726927597993984,1
177756888635539456,1
177771216264757248,1
177806128992747520,1
177872476817063936,1
178038922209656832,1
178041589665366016,1
178051716346806272,1
178058268206170112,1
178077169942003712,1
178397729548926976,1
178404016688988160,1
178411095956914176,1
178420945772347392,1
178427879435010048,1
178458919415316480,1
178470970263076864,1
178471526163546112,1
178568258650112000,1
178705550991687680,1
178728340029440000,1
178744238974959616,1
178744977650614272,1
178755424613302272,1
178756303500345344,1
178756386560147456,1
178761093357764608,1
178772629841248256,1
178791942505627648,1
178809208446124032,1
178820087396958208,1
178832216330076160,1
178861155152822272,1
178873105433755648,1
178873178620166144,1
178904325773328384,1
178915732686372864,1
178953084527968256,1
179093729053769728,1
179115541573664768,1
179137776250257408,1
179177817899008000,1
179198395905212416,1
179216185907216384,1
179224794531627008,1
179257889817362432,1
179259130706395136,1
179273560517246976,1
179283146506764288,1
179323635478036480,1
179489063105986560,1
179529542912704512,1
179539291444084736,1
179550564055515136,1
179570964516831232,1
179575692218859520,1
179586873826476032,1
179593378114043904,1
179594468293345280,1
179611554558246912,1
179657610738270208,1
179753004168118272,1
179900559212412928,1
179940584608235520,1
179967102998806528,1
179995914293739520,1
180001029335547904,1
180006371461169152,1
180010251343364096,1
180142523912552448,1
180220572741926912,1
180232432950181888,1
180258066741067776,1
180265316935270400,1
180272296596865024,1
180280694549774336,1
180295374211121152,1
180313391322103808,1
180345397422587904,1
180493084830728192,1
180533735664386048,1
180564773518180352,1
180636587837620224,1
180655530396614656,1
180657110328016896,1
180677283109928960,1
180688915508756480,1
180694745763282944,1
180902831375515648,1
180911971372105728,1
180917599909969920,1
181002717408264192,1
181018533696634880,1
181026457093406720,1
181029835785633792,1
181036202562945024,1
181123368504619008,1
181139490249912320,1
181212018821246976,1
181220194289078272,1
181250266996924416,1
181257151413026816,1
181382006909906944,1
181400162512998400,1
181411631374667776,1
181415064478572544,1
181437042553012224,1
181645479392768000,1
181647641393709056,1
181688097446514688,1
181708734787915776,1
181715402048925696,1
181733244092968960,1
181775914226966528,1
181825074183745536,1
181826513082937344,1
181941584247209984,1
181978086437646336,1
182005023230005248,1
182034957179461632,1
182100810370514944,1
182121825788792832,1
182420974612410368,1
182498338761048064,1
182507652245729280,1
182640430938537984,1
182659155819474944,1
182685154563907584,1
182832512473911296,1
182834143600988160,1
182860464792494080,1
182869370667360256,1
182876190405197824,1
182878254193524736,1
182887044875681792,1
183012052438900736,1
183020573864071168,1
183070243233779712,1
183077487272734720,1
183143151527591936,1
183168884253749248,1
183187305921138688,1
183247015140139008,1
183251985906438144,1
183481860987817984,1
183521070726201344,1
183591363351097344,1
183620549022593024,1
183780918846115840,1
183791543132262400,1
183795866878177280,1
183802256594477056,1
183834871783219200,1
183864881091846144,1
183932916792496128,1
183953026711896064,1
183961513075474432,1
184030916923879424,1
184161717548228608,1
184178635752607744,1
184238834766254080,1
184303906074443776,1
184309759323451392,1
184452791147638784,1
184532174024581120,1
184536878460850176,1
184562422782246912,1
184598066748997632,1
184653806675251200,1
184659130284179456,1
184666101887422464,1
184671791398928384,1
184847017524326400,1
184892008854245376,1
184947295465095168,1
184984819380350976,1
185041987965652992,1
185307668776517632,1
185408058715234304,1
185415215283531776,1
185452702546477056,1
185561753251540992,1
185567198239801344,1
185597899723063296,1
185598866008862720,1
185777495841763328,1
185855352831528960,1
185865140078268416,1
185889351725142016,1
185953717316714496,1
186100333752504320,1
186103963985829888,1
186114490388926464,1
186278322591375360,1
186417957490257920,1
186472418252738560,1
186493069722259456,1
186519986071592960,1
186672134791520256,1
186676083931000832,1
186679126818189312,1
186753750541983744,1
186776692312387584,1
186804716360888320,1
186830903271723008,1
187031147143991296,1
187140947676049408,1
187214962244108288,1
187223949127766016,1
187290764839669760,1
187460588488515584,1
187514496445255680,1
187581517763821568,1
187589070241714176,1
187594950825054208,1
187750624484052992,1
187787788936097792,1
187845254223224832,1
187919089374302208,1
187924377896955904,1
187925438495461376,1
188006978011734016,1
188149195249586176,1
188153548409860096,1
188214748246798336,1
188229373440999424,1
188265900480528384,1
188316020091277312,1
188329426567700480,1
188489366608498688,1
188503073932636160,1
188559308100218880,1
188585636634894336,1
188672884956483584,1
188823791713521664,1
189060153607254016,1
189286386460884992,1
189321710341685248,1
189343893823479808,1
189364734493577216,1
189384658601357312,1
189405178492231680,1
189405962371510272,1
189442895956750336,1
189478375377723392,1
189532149654155264,1
189591937777369088,1
189697639932510208,1
189709661719998464,1
189789187754745856,1
190032876412653568,1
190069548255064064,1
190081391173251072,1
190334686896226304,1
190358995187994624,1
190375987218935808,1
190389924966227968,1
190392797063299072,1
190436828100894720,1
190521207108378624,1
190659301833506816,1
190721899554213888,1
190743371270033408,1
191042011597295616,1
191052240164962304,1
191089654766870528,1
191143530751766528,1
191287656871710720,1
191433681300127744,1
191545028485066752,1
191621103377489920,1
191829744045068288,1
191844286869471232,1
191896191937699840,1
191901913852170240,1
192177527774449664,1
192210979436326912,1
192315189959909376,1
192589347695316992,1
192629467224047616,1
192661518488522752,1
193209107334905856,1
193228383188365312,1
193229623717453824,1
193359170739666944,1
193701318438379520,1
193710539336290304,1
193732823316512768,1
193956540253749248,1
193971891536678912,1
194036728253276160,1
194037230962577408,1
194067967536119808,1
194096270681321472,1
194153015034957824,1
194155226990960640,1
194335788571774976,1
194433235301306368,1
194458010386399232,1
194472379966398464,1
194670797561901056,1
194796696127234048,1
194817345128521728,1
195030825650393088,1
195137853085835264,1
195161268656349184,1
195685020695883776,1
195750605270278144,1
195827121515945984,1
195857344375078912,1
196122748866056192,1
196164354590044160,1
196174600563736576,1
196183957176627200,1
196384113021616128,1
196410526259933184,1
196678931862847488,1
196875328276336640,1
196999329703608320,1
197017954003644416,1
197057247024889856,1
197248732938043392,1
197262239262593024,1
197325049853116416,1
197550643826294784,1
197644739863461888,1
197652547282599936,1
197671496705400832,1
197750916564557824,1
197782066438291456,1
197972744151629824,1
197977355441377280,1
198327127954452480,1
198421129127694336,1
198440531785666560,1
198492891155238912,1
198672460905385984,1
198713432259960832,1
198805052666085376,1
199148445539237888,1
199439869355192320,1
199669725424365568,1
199680702014758912,1
199778430080303104,1
199870384239284224,1
199915756727549952,1
199940211284254720,1
200072907170705408,1
200139349744844800,1
200910710589661184,1
201327583635501056,1
201386733217107968,1
201552275983044608,1
201577478080278528,1
201661255258488832,1
202014701482782720,1
202039006488027136,1
202039659455721472,1
202070628758622208,1
202276152351350784,1
202355463820472320,1
202375766778327040,1
202448080566816768,1
202457427540787200,1
202463788311728128,1
202467063650156544,1
202702830400954368,1
202726406178562048,1
202750746034843648,1
202820314648961024,1
202842024451821568,1
202919209179525120,1
202987308276211712,1
203030822856945664,1
203071473073451008,1
203116060364115968,1
203165294771257344,1
203192432625000448,1
203389791139696640,1
203424082597183488,1
203442903015251968,1
203463918323810304,1
203491393408802816,1
203561149186015232,1
203646312099876864,1
203734405693022208,1
203767724836237312,1
203794202498678784,1
203838264764399616,1
203895414194348032,1
203928369571909632,1
203950533204709376,1
204082349156134912,1
204105896512507904,1
204141164311146496,1
204175187290124288,1
204200929335582720,1
204500312173068288,1
204500887197126656,1
204508383310991360,1
204607872476704768,1
204649181461966848,1
204787499777359872,1
204814856017256448,1
204849126357696512,1
204859059565551616,1
204863797707051008,1
204903627766087680,1
204959951832023040,1
204969319864012800,1
204996084444143616,1
205215233775513600,1
205257143590174720,1
205271588720627712,1
205316721265704960,1
205410704035418112,1
205533505369239552,1
205559762876473344,1
205614434013343744,1
205619348618551296,1
205669199053717504,1
205674022273814528,1
205674604975525888,1
205745690556796928,1
205906340028133376,1
206081536393949184,1
206088299085127680,1
206130483778424832,1
206216121437020160,1
206269580444274688,1
206299011666956288,1
206346810113261568,1
206376182193455104,1
206400582174351360,1
206408329518383104,1
206570644423667712,1
206610758739525632,1
206666724303790080,1
206694418714017792,1
206706274702196736,1
206748585602142208,1
206820900726554624,1
207003733401726976,1
207049892070014976,1
207066785599541248,1
207097562719531008,1
207101225915371520,1
207103107168505856,1
207106594271182848,1
207134782172381184,1
207164830332551168,1
207168544646660096,1
207197884332597248,1
207349955997982720,1
207360382702841856,1
207383936753795072,1
207384058615566336,1
207389081291378688,1
207428429281058816,1
207491610059530240,1
207492553114599424,1
207496448520216576,1
207512448807628800,1
207514987597991936,1
207566080956928000,1
207655822206234624,1
207761671587172352,1
207779410647576576,1
207782107667271680,1
207809861376323584,1
207853723578548224,1
207880160796741632,1
207887954447429632,1
207894739609595904,1
207913924006232064,1
208081778849853440,1
208107865561788416,1
208128411775569920,1
208187647415889920,1
208208613124972544,1
208247493018615808,1
208289233479782400,1
208443049244364800,1
208500217208950784,1
208522066664108032,1
208601556484136960,1
208627299496353792,1
208703453273063424,1
208863299023056896,1
208863712512499712,1
208955915921317888,1
208972090874667008,1
208999104757968896,1
209215083901014016,1
209215669307777024,1
209237139849433088,1
209245658561662976,1
209294885901455360,1
209296924813148160,1
209309740408324096,1
209344025490329600,1
209360759468412928,1
209493489765347328,1
209532676475645952,1
209548262473805824,1
209625189740355584,1
209634328167796736,1
209644162970054656,1
209645831101091840,1
209668333887393792,1
209711057297313792,1
209723553242861568,1
209862630573637632,1
209889294953873408,1
209904019422134272,1
209964141041020928,1
209969249168359424,1
209981649084366848,1
210038624220495872,1
210051986037878784,1
210082214101905408,1
210212639811821568,1
210227605286334464,1
210252495514525696,1
210259544271343616,1
210282488522604544,1
210288173110018048,1
210355874375643136,1
210388556523106304,1
210389094575177728,1
210403275811565568,1
210431306451972096,1
210594019932585984,1
210597039551963136,1
210724298279055360,1
210727047243804672,1
211049745740259328,1
211061301858775040,1
211146145495138304,1
211358266885423104,1
211393698074099712,1
211454801353662464,1
211486385127960576,1
211495316190859264,1
211541323574878208,1
211562537077297152,1
211615236752080896,1
211649131436068864,1
211654036575797248,1
211678653076738048,1
211770072035700736,1
211858886462439424,1
211883565697593344,1
211910221582921728,1
212012242232713216,1
212055413509705728,1
212076728379379712,1
212077632414908416,1
212083696699817984,1
212096038596403200,1
212101692058767360,1
212115386291961856,1
212143360062742528,1
212146159995342848,1
212183499783700480,1
212188664230367232,1
212189592115896320,1
212215129901547520,1
212222480208588800,1
212464506989084672,1
212467351755894784,1
212469129322561536,1
212566932784922624,1
212589899002474496,1
212700525570314240,1
212760413404688384,1
212829767947730944,1
212842849037680640,1
212880376745512960,1
212887861477187584,1
212926886334783488,1
212943099222777856,1
212949935647547392,1
213117429376724992,1
213190913204936704,1
213201824532701184,1
213212198717677568,1
213242620883292160,1
213257132407320576,1
213261196176101376,1
213265339649437696,1
213321140220125184,1
213363259208798208,1
213376087307513856,1
213487744114249728,1
213543630598225920,1
213606918373613568,1
213627564033519616,1
213635401609699328,1
213652994681253888,1
213707660270637056,1
213767706510512128,1
213820235626528768,1
213848180446609408,1
213933723789594624,1
213958739040681984,1
213964310959132672,1
213991089139056640,1
214004354462154752,1
214004907698884608,1
214007946352521216,1
214016119622299648,1
214258977605251072,1
214279215577677824,1
214336797323132928,1
214347654834274304,1
214381671402569728,1
214393050589286400,1
214594137822130176,1
214686755983183872,1
214707784293437440,1
214748898324369408,1
214771562193289216,1
214797419383959552,1
214940379530821632,1
214946927572193280,1
214949752417939456,1
214965782019616768,1
215004492183089152,1
215005403179839488,1
215023350647128064,1
215063886985056256,1
215067794552139776,1
215117485789339648,1
215137413002825728,1
215142503720882176,1
215351761369710592,1
215366017149804544,1
215396604857745408,1
215415650066063360,1
215439104891629568,1
215537783149645824,1
215652577384493056,1
215664932369551360,1
215667040452276224,1
215688840776388608,1
215696982235668480,1
215769222906023936,1
215801150042755072,1
215840103605026816,1
215864695232008192,1
215870431924252672,1
215932382502748160,1
216111301617451008,1
216158781910888448,1
216215853788463104,1
216227391044268032,1
216240571915546624,1
216298014096556032,1
216402831829663744,1
216499842256957440,1
216520903731503104,1
216557156195860480,1
216564322063241216,1
216657296217931776,1
216716300282978304,1
216783427297816576,1
216783495834034176,1
216803233707941888,1
216807236330295296,1
216847850324238336,1
216878428791865344,1
216931671143391232,1
216967031183974400,1
217003481716113408,1
217101846713901056,1
217149975950213120,1
217200925933699072,1
217201428356472832,1
217202104290533376,1
217210239972855808,1
217240418024599552,1
217278246466084864,1
217291334871121920,1
217322801293758464,1
217477787749003264,1
217504205856088064,1
217570428905086976,1
217619352312045568,1
217660165798662144,1
217676315821305856,1
217726637422575616,1
217806965858152448,1
217837823393148928,1
217923007137038336,1
217988236293775360,1
218013232022286336,1
218014075569278976,1
218028669504040960,1
218040121665859584,1
218246592248131584,1
218288325545521152,1
218331298707345408,1
218339723379765248,1
218370336944615424,1
218370594832568320,1
218643776231350272,1
218687091319717888,1
218747787114037248,1
218914344266358784,1
218940355235913728,1
218976162454679552,1
218979125270077440,1
218991070158237696,1
219062004772212736,1
219123818387775488,1
219125295897022464,1
219139887620861952,1
219153085799067648,1
219173055377584128,1
219292814164172800,1
219337683889373184,1
219380955034632192,1
219418081326256128,1
219425775460806656,1
219488541196447744,1
219493203629518848,1
219494014231142400,1
219506179653541888,1
219513659783602176,1
219629579089977344,1
219676833302056960,1
219759071238037504,1
219768032024891392,1
219790785099878400,1
219949038119428096,1
219954198862897152,1
219966718022541312,1
219978744292171776,1
220026863735164928,1
220048990704156672,1
220088641377697792,1
220096597734637568,1
220111748817702912,1
220158639072768000,1
220159053254889472,1
220161997686456320,1
220167842421817344,1
220177912976023552,1
220190318942461952,1
220458755781648384,1
220489962434334720,1
220494155140177920,1
220510315350368256,1
220510345995075584,1
220520574764257280,1
220530970137264128,1
220540998419099648,1
220553777188831232,1
220567381505925120,1
220604880977580032,1
220773155063709696,1
220781506426900480,1
220786981172469760,1
220812538978299904,1
220835842611523584,1
220861027842244608,1
220899976666304512,1
220908917521285120,1
220910167367610368,1
220921560127934464,1
220925183481225216,1
220926176320307200,1
221102969643081728,1
221139893444009984,1
221147741162782720,1
221202250194292736,1
221211439875801088,1
221232491085029376,1
221316830579744768,1
221355183415578624,1
221465790579212288,1
221496300481523712,1
221507938989850624,1
221521798200311808,1
221524572334051328,1
221535845918081024,1
221550001544699904,1
221645546388029440,1
221722516643549184,1
221779637794037760,1
221896951743234048,1
221901373348626432,1
221917886654636032,1
221929698600189952,1
221938541416960000,1
221975062731780096,1
222007416750120960,1
222019238906564608,1
222171691775873024,1
222175222181896192,1
222260616510091264,1
222337849777659904,1
222351163123220480,1
222360402681061376,1
222420534044454912,1
222495740624199680,1
222585245270749184,1
222617925987196928,1
222629907193839616,1
222668611998928896,1
222671410931429376,1
222706521956069376,1
222716598251159552,1
222716820555907072,1
222732240677826560,1
222732501258457088,1
222735587723694080,1
222789653330370560,1
222831474748915712,1
222874585144815616,1
222899301229273088,1
222906008735854592,1
222911160513425408,1
222958975943864320,1
222964476084977664,1
222985787684376576,1
223011483496931328,1
223017569891741696,1
223034620908511232,1
223048592139452416,1
223070025605615616,1
223112200280600576,1
223112370286727168,1
223114581124558848,1
223262735561076736,1
223286317249273856,1
223301896192139264,1
223309142809968640,1
223316602989408256,1
223321614102294528,1
223328919896166400,1
223330366580482048,1
223362588408627200,1
223379036040749056,1
223379095710482432,1
223379152126218240,1
223405709274148864,1
223416016186785792,1
223443564999049216,1
223447389302296576,1
223483148425822208,1
223513144471908352,1
223659349457395712,1
223667376327217152,1
223690516298567680,1
223700050162532352,1
223743983044661248,1
223773968692453376,1
223783221053816832,1
223786791279370240,1
223839723923857408,1
223892332866162688,1
223943173749706752,1
223980623431589888,1
224003274709303296,1
224042505677414400,1
224066041342693376,1
224066464180133888,1
224085294700994560,1
224099010062680064,1
224129177023537152,1
224132599036444672,1
224142049128914944,1
224153696673710080,1
224159532736061440,1
224175498310742016,1
224184648446996480,1
224185427261104128,1
224386802568491008,1
224394269445500928,1
224406870906593280,1
224439584204169216,1
224463647583227904,1
224528765333057536,1
224549899984670720,1
224607826784874496,1
224671035907502080,1
224787127942467584,1
224818762915733504,1
224826548712849408,1
224835881099079680,1
224838537169145856,1
224860430937436160,1
224864760069210112,1
224868605163487232,1
224889687773036544,1
224894398609317888,1
224902810262769664,1
224915949845962752,1
224916528038342656,1
224938984973209600,1
225110654651236352,1
225178713202475008,1
225226494332248064,1
225256356850376704,1
225261872163475456,1
225265673339043840,1
225270609083785216,1
225270727384932352,1
225272313851514880,1
225274188034818048,1
225455627374333952,1
225464437508616192,1
225478140583956480,1
225486387357716480,1
225490497019240448,1
225497418063601664,1
225538923106660352,1
225568530624344064,1
225581643816009728,1
225597599621865472,1
225619796981145600,1
225625382492536832,1
225646429235486720,1
225649984261611520,1
225666487565299712,1
225674750486917120,1
225824052750004224,1
225830055205380096,1
225838985125785600,1
225883506736021504,1
225891658437365760,1
225893872406515712,1
225909608915316736,1
225917672354136064,1
225946532048101376,1
225973762932326400,1
225979877425868800,1
225980463803416576,1
225988712380649472,1
225989851957432320,1
225991421408681984,1
226011734341595136,1
226086432580292608,1
226126358110027776,1
226151412380442624,1
226168348426248192,1
226213007447019520,1
226213712310706176,1
226215800371740672,1
226231849110261760,1
226269618520879104,1
226294260937580544,1
226302641750417408,1
226317103380099072,1
226318460551364608,1
226325570106830848,1
226336048920244224,1
226338959072067584,1
226374684758519808,1
226382350099062784,1
226396131351007232,1
226416009647022080,1
226563576996687872,1
226585342107987968,1
226588102927204352,1
226610547945197568,1
226627537436008448,1
226628626078240768,1
226645339311304704,1
226658006716403712,1
226666401943015424,1
226673501315837952,1
226680896793341952,1
226681984748732416,1
226691180261711872,1
226701397818421248,1
226716887254667264,1
226719968884842496,1
226739260695773184,1
226753681711259648,1
226853065994117120,1
226886857310007296,1
226901040771301376,1
226920584226258944,1
226921319560540160,1
226954612778217472,1
226956261075980288,1
226960177606684672,1
226988988969054208,1
226991947173167104,1
226996845871046656,1
227007402075643904,1
227060778079576064,1
227082184009658368,1
227094701388857344,1
227120561957003264,1
227226065485766656,1
227275088648957952,1
227309819024273408,1
227333950489677824,1
227345054421737472,1
227359935729856512,1
227365956369412096,1
227366839174037504,1
227369599118360576,1
227382191465304064,1
227393987642294272,1
227408208637243392,1
227421273111879680,1
227426750596259840,1
227429368803209216,1
227429510557888512,1
227438919254663168,1
227457288872779776,1
227459867370258432,1
227467914532196352,1
227511890241351680,1
227628870022328320,1
227633240757198848,1
227638831925280768,1
227677628710236160,1
227693597093441536,1
227704323996061696,1
227730967987486720,1
227733611022499840,1
227773746758717440,1
227776372628852736,1
227781716647415808,1
227782248238317568,1
227791836227715072,1
227794888530055168,1
227812771591917568,1
227953520678936576,1
228028767700725760,1
228031309975044096,1
228046814436605952,1
228061056430956544,1
228064015000829952,1
228075008902258688,1
228077516191694848,1
228081055056199680,1
228092285485637632,1
228095512116191232,1
228103269652676608,1
228122729997807616,1
228143260977008640,1
228156283936395264,1
228174510312169472,1
228182557958103040,1
228186006024089600,1
228195713860648960,1
228197605945098240,1
228203999798005760,1
228230051583102976,1
228268387325878272,1
228328019523674112,1
228346070631145472,1
228391255205142528,1
228405925206761472,1
228410314469818368,1
228439970295996416,1
228460139266404352,1
228474779942072320,1
228475613500657664,1
228487394024357888,1
228508925782003712,1
228509452535701504,1
228510933741318144,1
228519459065798656,1
228530407199453184,1
228532977286066176,1
228536052119175168,1
228547623784402944,1
228575865811927040,1
228592555885285376,1
228680660830851072,1
228691728426418176,1
228731012697980928,1
228735461745856512,1
228787187741347840,1
228807705335111680,1
228809891693486080,1
228810712935358464,1
228826283434913792,1
228828122698555392,1
228846933653172224,1
228854238030053376,1
228856726328164352,1
228873834849316864,1
228880116294377472,1
228884837801459712,1
228902921513504768,1
228906859331051520,1
228907279315300352,1
228923121507028992,1
228953540578553856,1
229018921430286336,1
229039167205998592,1
229040750241370112,1
229064955107028992,1
229103951480881152,1
229112301735411712,1
229124612591976448,1
229136436566155264,1
229144870734245888,1
229146726146355200,1
229150626328424448,1
229164554182201344,1
229174505893523456,1
229178561086402560,1
229183590532329472,1
229233260031492096,1
229239655338164224,1
229241917448269824,1
229256783003881472,1
229259000844840960,1
229268232743567360,1
229284336875868160,1
229302763843555328,1
229312789975351296,1
229404673814888448,1
229436507181637632,1
229437366269222912,1
229454629691805696,1
229457603346747392,1
229492688572002304,1
229496250767474688,1
229508189834321920,1
229512011632697344,1
229518415129358336,1
229554841363292160,1
229558485390934016,1
229560366727028736,1
229579350279499776,1
229585418678915072,1
229598952445943808,1
229599049329016832,1
229600125224669184,1
229602633528492032,1
229606815619186688,1
229610832236134400,1
229611785898905600,1
229621568764981248,1
229637232459661312,1
229651433754648576,1
229662327930892288,1
229718261721808896,1
229784639506956288,1
229790417044570112,1
229791341126287360,1
229813652184371200,1
229816548203454464,1
229818246471237632,1
229819546093944832,1
229831756438663168,1
229837077726486528,1
229861117721108480,1
229863545004421120,1
229869803539509248,1
229884622989918208,1
229884935499100160,1
229900695807102976,1
229904652941668352,1
229906886586044416,1
229908780640497664,1
229917718991634432,1
229923287926071296,1
229928133570183168,1
229928330702114816,1
229935059347668992,1
229940540565430272,1
229941392572293120,1
229956601011167232,1
229961307651076096,1
229973923070107648,1
229975506981994496,1
229981136718213120,1
229981887012429824,1
229983432971079680,1
229986388654440448,1
229987169375911936,1
229988766790328320,1
229989255414194176,1
230007920047448064,1
230010178158612480,1
230010856012165120,1
230117999286927360,1
230147342616330240,1
230182229735198720,1
230187064062726144,1
230189702171545600,1
230192516825255936,1
230196871661555712,1
230197771810836480,1
230212794163142656,1
230212915602399232,1
230230208047378432,1
230231427384918016,1
230233740944666624,1
230241153478086656,1
230241444829605888,1
230241650436292608,1
230250454539468800,1
230250961442381824,1
230257764164112384,1
230259880279212032,1
230264782120148992,1
230266870682951680,1
230269297720299520,1
230287781594296320,1
230289270991519744,1
230293237089157120,1
230293511294377984,1
230295785567068160,1
230305536162357248,1
230306267742179328,1
230320691797217280,1
230320996363472896,1
230321283159957504,1
230321746207760384,1
230322557704278016,1
230322972095184896,1
230324030135836672,1
230324578789232640,1
230324625398337536,1
230324699139895296,1
230325079359787008,1
230325321922199552,1
230325820146245632,1
230326605881008128,1
230328082246045696,1
230328122177040384,1
230328659645362176,1
230328751306219520,1
230328914435424256,1
230329311708672000,1
230329460675543040,1
230329678041272320,1
230330178900910080,1
230330527275663360,1
230331142253826048,1
230331356586795008,1
230331731615711232,1
230331764341366784,1
230331780417294336,1
