175766276608622592,8
201407286885228544,6
212514960731922432,6
175274532880252928,5
204905550678568960,5
205350514803556352,5
219665173866782720,5
220786981172469760,5
223395056606535680,5
227258312435699712,5
170146462640898048,4
176675935607586816,4
178726775407247360,4
181550906022903808,4
208098795515486208,4
211406483301470208,4
211483584273526784,4
212438466042269696,4
217242184284127232,4
220959372718157824,4
221193911333920768,4
221473957686276096,4
222281537749086208,4
225905887254548480,4
226135409470906368,4
227251434675122176,4
227362853429796864,4
228086586900361216,4
229785312054689792,4
229794332800421888,4
171549581006340096,3
175236301975453696,3
176958678782443520,3
178008030653186048,3
178305026257584128,3
178357646439481344,3
179586873826476032,3
181192301925101568,3
182096576787435520,3
182156530654343168,3
182652431493816320,3
184342934814875648,3
186472418252738560,3
189362506821439488,3
196829080066801664,3
197473950237970432,3
199778430080303104,3
203522395312893952,3
206710393955311616,3
208801202712461312,3
209237139849433088,3
209402456047747072,3
210727673706401792,3
212517234660605952,3
213653099321942016,3
216921999018377216,3
217189192906055680,3
217908757398102016,3
218749920645865472,3
218781078846947328,3
219090801513820160,3
219633445312569344,3
219954198862897152,3
222131446984798208,3
223479560403767296,3
224108223129829376,3
224758877640785920,3
224818762915733504,3
226740716293685248,3
227025224944553984,3
227033141776986112,3
227054250861576192,3
227698335299186688,3
227807261526167552,3
228763420413231104,3
228947171692093440,3
229472725081305088,3
229863545004421120,3
230273859571867648,3
169944035245424640,2
170174943210766336,2
170229806758100992,2
170339527611645952,2
170950786124087296,2
171224172574277632,2
173114547563921408,2
173120460458819584,2
174174988297830400,2
174795327943999488,2
175180281588744192,2
175208017032118272,2
175209316838539264,2
175211839041306624,2
175307658872487936,2
175309909502459904,2
175356269639499776,2
175391403428282368,2
175479415281549312,2
175536797860757504,2
175576886150168576,2
175598903394041856,2
175816496088350720,2
175906064573661184,2
175947645800415232,2
175995303118241792,2
176105038303723520,2
176188670062100480,2
176292870351749120,2
176346261849374720,2
176375598124367872,2
177018556838313984,2
177082389489516544,2
177211650879782912,2
177470987414011904,2
177789621130756096,2
177970307456303104,2
178044305728864256,2
178427010492661760,2
178481788467806208,2
178512920555028480,2
178776746730979328,2
178885405075046400,2
178920136047067136,2
179120299160109056,2
179177817899008000,2
179416427525046272,2
179495735144742912,2
179499956057407488,2
180143640960565248,2
180180228918738944,2
180282448590929920,2
180290117762547712,2
180688127617138688,2
180936539570700288,2
181265349667622912,2
181294007852945408,2
181355892074491904,2
181397186973077504,2
181399642078711808,2
181668635203457024,2
181797639531376640,2
181836871301222400,2
182056131401822208,2
182093530293997568,2
182402893649276928,2
182689976367734784,2
182745878029553664,2
183129743579615232,2
183299297579286528,2
183514719506141184,2
183531944646426624,2
183598925974859776,2
183963488873271296,2
184200143459307520,2
184655441530773504,2
185354164447027200,2
185803853917261824,2
185865140078268416,2
186700520335384576,2
187027587930587136,2
187032430936928256,2
187246955043774464,2
187363783089700864,2
187490889858465792,2
187645736191414272,2
188014856706408448,2
188476037165867008,2
188620083707764736,2
188922765471076352,2
189232114213191680,2
189321710341685248,2
189365503382298624,2
189603317000323072,2
189673577046315008,2
190085730858782720,2
190476372849393664,2
191433592660742144,2
191503462715576320,2
192179608090886144,2
193369960957833216,2
193726160267153408,2
193747639030353920,2
193763902841274368,2
194306075638730752,2
194335788571774976,2
194644171784470528,2
196174600563736576,2
197011845438705664,2
197709546621829120,2
199075678119399424,2
199360590180995072,2
199593309414744064,2
199698038167977984,2
200267777004023808,2
202118213623386112,2
202380926300741632,2
202614914744958976,2
202722939505553408,2
203065387147952128,2
203467303023542272,2
203557152392835072,2
203753948612419584,2
204240028798955520,2
205012823219515392,2
205262366619529216,2
205342492415123456,2
205571305378062336,2
205623133811343360,2
205674022273814528,2
205675037067030528,2
206058689156804608,2
206081536393949184,2
206083251382870016,2
206303374570803200,2
207129047880785920,2
208156426677329920,2
208159256029577216,2
208243856184565760,2
208521225451372544,2
208863712512499712,2
208870142212022272,2
208919805927198720,2
209167203867222016,2
209248469218504704,2
209666804815179776,2
210664050283384832,2
210791291046449152,2
210958369533612032,2
211296251835670528,2
211413167565217792,2
212222925531746304,2
212302445250813952,2
212826520798502912,2
213213036531863552,2
213346690382934016,2
213472853136330752,2
214013864966782976,2
214216060898185216,2
214940379530821632,2
215084483065974784,2
215120852750798848,2
215311408760217600,2
215326395127758848,2
215366017149804544,2
215479256630132736,2
215495935329857536,2
215770994238341120,2
215792287062904832,2
215818096771035136,2
216185637075054592,2
216480987762499584,2
216743585678647296,2
216861851518144512,2
217185016440315904,2
217201428356472832,2
217222381631401984,2
217293223198294016,2
217336504866656256,2
217614254052438016,2
217620241719300096,2
217668456491532288,2
217844358411661312,2
218261647040139264,2
218294192246132736,2
218377592418721792,2
218583542199988224,2
218802407712731136,2
218806116517343232,2
219066078637977600,2
219076495515488256,2
219090115909578752,2
219717665197731840,2
219729098484994048,2
219744485388763136,2
219759450570387456,2
219800833848344576,2
220039044659826688,2
220091543231524864,2
220190318942461952,2
220559220424638464,2
220815617242845184,2
220859864228081664,2
221344061153738752,2
221466174565306368,2
221618503489404928,2
221773575892168704,2
222022167282622464,2
222410278750744576,2
222525754162561024,2
222603856318623744,2
222611171260530688,2
222700556138913792,2
222705041058643968,2
222708560870014976,2
222789653330370560,2
223078887509045248,2
223125799790403584,2
223286317249273856,2
223304559173828608,2
223396715806978048,2
223396854028853248,2
223460637029384192,2
223662047625777152,2
223666025795416064,2
223947543603154944,2
224031584400482304,2
224124506591342592,2
224129177023537152,2
224147931007246336,2
224153517698363392,2
224185427261104128,2
224206173495054336,2
224230670395523072,2
224297850313527296,2
224538464204611584,2
224759757641805824,2
224765509638270976,2
224875401495326720,2
225110654651236352,2
225146023249190912,2
225270727384932352,2
225273335347003392,2
225280079090925568,2
225292985209188352,2
225311660112216064,2
225497088514158592,2
225511504694824960,2
225830968505032704,2
225837496702693376,2
226294260937580544,2
226375689066094592,2
226679044297535488,2
226685863364755456,2
226799410602430464,2
226884508081094656,2
226900466289872896,2
227034073987035136,2
227275088648957952,2
227321079224995840,2
227322782282330112,2
227375163365429248,2
227400142724210688,2
227443610026872832,2
227600666784178176,2
227774933557440512,2
227790686214029312,2
227792703124402176,2
227794202437296128,2
227937442276315136,2
227997436110893056,2
228046814436605952,2
228054877019426816,2
228083651546009600,2
228121124883525632,2
228126744713244672,2
228312613670453248,2
228355255864733696,2
228383892485488640,2
228428095401811968,2
228489145386270720,2
228493149526147072,2
228526352120582144,2
228712186003075072,2
228727013011910656,2
228832824006549504,2
228864006048833536,2
228900787082731520,2
229189814513750016,2
229217219545509888,2
229241970744971264,2
229267282858258432,2
229437366269222912,2
229457603346747392,2
229464966117695488,2
229516126450593792,2
229517540288901120,2
229628716452847616,2
229718261721808896,2
229785271393796096,2
229818440679997440,2
229841804169515008,2
229851917694177280,2
229885593509703680,2
229918495028543488,2
229943033358327808,2
229957772275507200,2
229968531828920320,2
229981952830836736,2
229989750243786752,2
229997627918286848,2
230014343775625216,2
230029030344941568,2
230202497484623872,2
230211944150093824,2
230223462280052736,2
230241650436292608,2
230263292282511360,2
230267109950271488,2
230272425937412096,2
230274677632151552,2
230277824154734592,2
167171457904803840,1
169382122514022400,1
169428028554739712,1
169468943524691968,1
169487104286392320,1
169854418835996672,1
170042187797495808,1
170078890394386432,1
170120053344174080,1
170173071607463936,1
170223084190564352,1
170239556786847744,1
170272526658699264,1
170306807565123584,1
170311683112173568,1
170326811098480640,1
170344090297171968,1
170349903195668480,1
170354207814057984,1
170378217624961024,1
170379004015017984,1
170409149421584384,1
170416791795793920,1
170417719630364672,1
170422684209905664,1
170509462321233920,1
170518706944737280,1
170520053895135232,1
170528625441898496,1
170552413231513600,1
170552784574218240,1
170559247564668928,1
170564844926271488,1
170596299136040960,1
170623129993871360,1
170653274175700992,1
170676767575506944,1
170698531122708480,1
170716481221296128,1
170731997478518784,1
170754543125004288,1
170755115303567360,1
170760173760020480,1
170762929853956096,1
170772634810712064,1
170776752602218496,1
170799688000208896,1
170803040926826496,1
170811821874216960,1
170813094178586624,1
170832157093134336,1
170877030999523328,1
170882224097329152,1
170898192966090752,1
170907464236007424,1
170911945388457984,1
170950180667916288,1
170958093075611648,1
171066883095658496,1
171080243681951744,1
171094223439790080,1
171114879711707136,1
171123316734558208,1
171144786722422784,1
171153694358765568,1
171172960663502848,1
171194567935131648,1
171208193890844672,1
171216874166550528,1
171225025590853632,1
171246127687925760,1
171250807524556800,1
171273858567897088,1
171280739571073024,1
171301901411811328,1
171309630121574400,1
171330060505055232,1
171373317687607296,1
171431174437076992,1
171436594782273536,1
171473793573715968,1
171536396157190144,1
171555691696226304,1
171561160032649216,1
171577079807082496,1
171586452373635072,1
171589029177851904,1
171599969139032064,1
171619856666329088,1
171817000367030272,1
171859864744624128,1
171880777418539008,1
171886440936898560,1
171896239850258432,1
171910735167750144,1
171942306667036672,1
171955848568897536,1
171983857862574080,1
172010306824830976,1
172052936044576768,1
172064383512346624,1
172071613053796352,1
172124262394494976,1
172128900841734144,1
172180153223348224,1
172185616904093696,1
172195507173588992,1
172237957128781824,1
172271283612942336,1
172302607111421952,1
172319323761672192,1
172330441448095744,1
172342455474061312,1
172389708251267072,1
172424977901944832,1
172508463623045120,1
172520393444163584,1
172671039195578368,1
172692320234242048,1
172728674955558912,1
172733810008391680,1
172756698392428544,1
172775986310414336,1
172859769302810624,1
172870756105977856,1
172975816739651584,1
173053439264161792,1
173062508498649088,1
173092938421633024,1
173093520163209216,1
173155134816124928,1
173209952054149120,1
173227943839924224,1
173252693593161728,1
173269860413865984,1
173287479250518016,1
173296553794994176,1
173298726985531392,1
173334930850316288,1
173334961426792448,1
173345947386904576,1
173367420063318016,1
173406707009978368,1
173407719154253824,1
173452593391992832,1
173488236943900672,1
173593744463888384,1
173621097902637056,1
173637738224943104,1
173659517752442880,1
173698670330380288,1
173723942006030336,1
173792806731513856,1
173802721193754624,1
173817940859158528,1
173826502612221952,1
173829733027414016,1
173832786073878528,1
173869573592842240,1
174027900847128576,1
174076382102421504,1
174083762328436736,1
174105169762451456,1
174139990282862592,1
174206413277495296,1
174341196724830208,1
174400815283306496,1
174454688937148416,1
174503152257597440,1
174599523396485120,1
174648822662692864,1
174692485560270848,1
174699654632439808,1
174712410647560192,1
174754184086683648,1
174801552387604480,1
174817980956278784,1
174831067834875904,1
174833318812975104,1
174841389794721792,1
174861305088311296,1
174900610166947840,1
174916126113792000,1
174920453813436416,1
174929507092791296,1
175052006212239360,1
175077064301346816,1
175118020455170048,1
175129066679042048,1
175139203909156864,1
175139432888795136,1
175163364547231744,1
175173449050750976,1
175180572111405056,1
175188094096506880,1
175201861316378624,1
175211687123615744,1
175217174875471872,1
175218864915742720,1
175226601808592896,1
175231566568488960,1
175236090741915648,1
175236863299158016,1
175237971547521024,1
175238906562740224,1
175244165309792256,1
175248559698870272,1
175255069195763712,1
175260495073247232,1
175261793067728896,1
175263554146926592,1
175267191522852864,1
175269856659111936,1
175270429710090240,1
175277118119215104,1
175278457280790528,1
175279560147861504,1
175281772748079104,1
175285956134305792,1
175295309721632768,1
175297281094844416,1
175305144672452608,1
175344042337370112,1
175379602066112512,1
175392289592442880,1
175407418069483520,1
175414246396395520,1
175416671589105664,1
175416940053921792,1
175418166829121536,1
175427688574484480,1
175427918090993664,1
175428847813001216,1
175431446993829888,1
175457343234899968,1
175459565725286400,1
175460142198816768,1
175467569690443776,1
175469834136453120,1
175471731966738432,1
175473779688865792,1
175477126458245120,1
175479415973609472,1
175479614351605760,1
175491165645176832,1
175491450375503872,1
175493300575272960,1
175494627820830720,1
175499815851917312,1
175501159803387904,1
175507545920634880,1
175507753681289216,1
175509743849177088,1
175513553703272448,1
175523256760008704,1
175523364675256320,1
175523550269014016,1
175525313239842816,1
175534114944843776,1
175544344193794048,1
175545570516008960,1
175560320247398400,1
175565072981032960,1
175565466142507008,1
175568942041923584,1
175570165268742144,1
175573753684557824,1
175573840124968960,1
175574511465267200,1
175578331058536448,1
175582035023233024,1
175583185650843648,1
175584210818433024,1
175588242043699200,1
175588585108406272,1
175591364107436032,1
175592365325549568,1
175592561518313472,1
175595958870999040,1
175596473931530240,1
175597769891774464,1
175604652270682112,1
175605255927496704,1
175606375139770368,1
175610651740209152,1
175617754697564160,1
175622223829139456,1
175624544977944576,1
175625451857772544,1
175626416480583680,1
175629337960120320,1
175630205983916032,1
175634678575792128,1
175635600529948672,1
175637920349159424,1
175638870359015424,1
175639569650155520,1
175640117199765504,1
175641173170323456,1
175641477886509056,1
175641553266540544,1
175645389519585280,1
175645690238599168,1
175654548809973760,1
175656058616807424,1
175689699577298944,1
175692252222324736,1
175724780928892928,1
175739336740831232,1
175744134919749632,1
175826401994211328,1
175826972163702784,1
175835646286364672,1
175842903489249280,1
175847229569892352,1
175858673996791808,1
175865415161872384,1
175902834921832448,1
175913202146607104,1
175926239293341696,1
175932658415566848,1
175933207458349056,1
175946358220390400,1
175955531955961856,1
175964669045899264,1
175965484204687360,1
175966342053101568,1
175967181756956672,1
175968924364439552,1
175981177620922368,1
175986188744654848,1
175988733449863168,1
175989777311465472,1
175990945043447808,1
175996442735804416,1
176013333097349120,1
176014273720352768,1
176020131883778048,1
176024512586842112,1
176026272953008128,1
176027833187958784,1
176033088604733440,1
176037804122308608,1
176043969547862016,1
176139226620887040,1
176147147559796736,1
176170769796038656,1
176184363371724800,1
176191555038609408,1
176194435091005440,1
176205411941089280,1
176206766575452160,1
176210404240785408,1
176215592443838464,1
176217439464325120,1
176229382283591680,1
176237400203198464,1
176238457419464704,1
176241728355827712,1
176254653703389184,1
176255501867155456,1
176256054269575168,1
176265302684729344,1
176283889893900288,1
176293920798408704,1
176297197652934656,1
176298032919216128,1
176305992634466304,1
176310763261001728,1
176320410747404288,1
176325954166063104,1
176329888590987264,1
176337006417149952,1
176339758480359424,1
176346351498428416,1
176370746736508928,1
176374669719371776,1
176379231314378752,1
176387404465176576,1
176392337499357184,1
176406626457092096,1
176409391216459776,1
176424656432005120,1
176434175899860992,1
176454676277886976,1
176473081483624448,1
176487139322626048,1
176491688166948864,1
176537724776349696,1
176537921367572480,1
176540415900516352,1
176553147265712128,1
176561966213496832,1
176591684577001472,1
176602304332431360,1
176602565620793344,1
176610483594330112,1
176611081668526080,1
176620453777899520,1
176625129541861376,1
176631019158372352,1
176637503124537344,1
176642470665256960,1
176649243556052992,1
176650862637088768,1
176669091082272768,1
176669846153461760,1
176674649587843072,1
176679495384694784,1
176681589667790848,1
176684415101960192,1
176689105411768320,1
176692850782633984,1
176705364685750272,1
176708041792552960,1
176715817340108800,1
176717531178860544,1
176720402490327040,1
176744843546984448,1
176758743109730304,1
176767722170875904,1
176789740081643520,1
176798478452654080,1
176815081403711488,1
176881328770252800,1
176888735349080064,1
176916112099770368,1
176921036007145472,1
176924507313799168,1
176934800647520256,1
176950754945269760,1
176952280266833920,1
176956363010736128,1
176963693274202112,1
176964253503193088,1
176965106079367168,1
177005562116964352,1
177005734255394816,1
177006205267345408,1
177014144048824320,1
177023184082567168,1
177029346756657152,1
177051186866683904,1
177060523584520192,1
177064569443713024,1
177065277152821248,1
177069403228078080,1
177077716212776960,1
177107757164396544,1
177109381765136384,1
177118533371559936,1
177129974908583936,1
177140177804722176,1
177189733070274560,1
177189808194453504,1
177208836514381824,1
177234864293019648,1
177237042759991296,1
177240816878616576,1
177247796317913088,1
177253566719721472,1
177259229483106304,1
177264676273389568,1
177268020954005504,1
177279545194315776,1
177315014175096832,1
177320568536694784,1
177327278324187136,1
177336856529076224,1
177342489391267840,1
177343665885151232,1
177348002795487232,1
177351595040702464,1
177362866716803072,1
177367564505055232,1
177367650949660672,1
177368462446821376,1
177372250159185920,1
177372436277231616,1
177374767647555584,1
177386019925000192,1
177408827606433792,1
177420428145328128,1
177448624312025088,1
177454786260500480,1
177500444854059008,1
177610814000201728,1
177614348590514176,1
177616098965848064,1
177634655938281472,1
177639399658356736,1
177640023376527360,1
177642814971052032,1
177647939672342528,1
177650212938973184,1
177667163732049920,1
177678665486696448,1
177688306396430336,1
177690664442527744,1
177710167368925184,1
177710534873841664,1
177713757168861184,1
177713837087129600,1
177734057629581312,1
177738959785295872,1
177745605718704128,1
177756881928847360,1
177761565427105792,1
177765725488807936,1
177781892202889216,1
177786116898816000,1
177791161358876672,1
177810580831207424,1
177820233086533632,1
177824830513479680,1
177830249214509056,1
177845217318141952,1
177849838782644224,1
177985435337752576,1
178007631984590848,1
178034020439818240,1
178036988211888128,1
178038922209656832,1
178039524771758080,1
178052860368388096,1
178057611587878912,1
178061692888940544,1
178071382280634368,1
178071934469144576,1
178073490652397568,1
178079495159283712,1
178080106151936000,1
178086944931053568,1
178088148872462336,1
178088668433481728,1
178104827522318336,1
178133005229883392,1
178139880528805888,1
178143879747338240,1
178153765692506112,1
178154077245407232,1
178159633792237568,1
178165302188572672,1
178166868614316032,1
178183974206570496,1
178194820311810048,1
178202183458619392,1
178288398593687552,1
178300397054590976,1
178307707789377536,1
178319774562910208,1
178354216773877760,1
178354624380534784,1
178358766071185408,1
178362751645646848,1
178369364158840832,1
178374967732207616,1
178383314527191040,1
178396101420777472,1
178413489084170240,1
178418256271376384,1
178431320303599616,1
178432216412454912,1
178437406851072000,1
178458940114206720,1
178471969551810560,1
178479170509078528,1
178483645852418048,1
178486482246303744,1
178509839360589824,1
178519809791623168,1
178523781902368768,1
178537569187790848,1
178543856667590656,1
178550181757714432,1
178568258650112000,1
178602416462102528,1
178687697798299648,1
178716383998115840,1
178722369483833344,1
178744075149639680,1
178746026033676288,1
178747651750100992,1
178748791329914880,1
178752894915313664,1
178761163893374976,1
178770828165382144,1
178772629841248256,1
178775556110680064,1
178792852833173504,1
178795580284207104,1
178816235419467776,1
178833232073064448,1
178846039908810752,1
178847424129794048,1
178850741744566272,1
178859204361060352,1
178863496555921408,1
178872305315741696,1
178874100024868864,1
178879194086768640,1
178884302556102656,1
178887068691202048,1
178902212699750400,1
178906385646354432,1
178944411172864000,1
178969812821606400,1
178974305466449920,1
179022974366515200,1
179028770949169152,1
179032931841343488,1
179035734018097152,1
179059614661214208,1
179063432635482112,1
179071170916646912,1
179108350837915648,1
179109095448510464,1
179114194078007296,1
179114874058571776,1
179115296865386496,1
179115541573664768,1
179117551421227008,1
179119654319423488,1
179130263018668032,1
179133551411724288,1
179136028425060352,1
179157944070307840,1
179216806701957120,1
179221565185982464,1
179237686375088128,1
179239342621851648,1
179254666951917568,1
179257889817362432,1
179266281122299904,1
179269222193430528,1
179269293882474496,1
179269335464804352,1
179275480254382080,1
179280191552487424,1
179288165989744640,1
179294372355899392,1
179297598522261504,1
179368648870199296,1
179422895309586432,1
179440336383246336,1
179455290016530432,1
179457038512816128,1
179457835262803968,1
179461729133002752,1
179465951127797760,1
179476996688969728,1
179482739936854016,1
179491353401491456,1
179497130040229888,1
179505767848607744,1
179509591367745536,1
179524840879816704,1
179528810931159040,1
179529542912704512,1
179532303083503616,1
179540072729673728,1
179547085039730688,1
179548396493733888,1
179563786917642240,1
179565184858193920,1
179573553081876480,1
179585548623544320,1
179585654844293120,1
179597620493156352,1
179608258711912448,1
179618341030199296,1
179619109548326912,1
179624198920994816,1
179636301564215296,1
179639169759313920,1
179647870767464448,1
179652827151335424,1
179654397976903680,1
179662003617398784,1
179664808763719680,1
179717889928986624,1
179768579984457728,1
179780436019380224,1
179784765753262080,1
179787113309405184,1
179794616638242816,1
179808036842373120,1
179823708020408320,1
179874106856964096,1
179913926325043200,1
179919988172259328,1
179920739065921536,1
179925697194622976,1
179928083443220480,1
179932256448544768,1
179936403281412096,1
179936754889916416,1
179943404312985600,1
179950139194998784,1
179956937738158080,1
179978543252373504,1
179997919049416704,1
180011782792806400,1
180012621083181056,1
180043447716020224,1
180062600145403904,1
180076844962283520,1
180088165200035840,1
180123554774253568,1
180130654057398272,1
180157813597667328,1
180167229654958080,1
180169531023425536,1
180177185506590720,1
180199116393938944,1
180201426109071360,1
180207825132191744,1
180216897835368448,1
180227800563712000,1
180228211269959680,1
180236667158790144,1
180238750175985664,1
180242431227199488,1
180242636970393600,1
180244544426606592,1
180248275406815232,1
180253871245885440,1
180254396955754496,1
180258066741067776,1
180259552720060416,1
180260132016357376,1
180267642496483328,1
180268356832591872,1
180272296596865024,1
180281338299940864,1
180295067301314560,1
180312387545464832,1
180312931546693632,1
180313391322103808,1
180313486214037504,1
180316478682169344,1
180323500152586240,1
180327680049152000,1
180331374522138624,1
180333943696916480,1
180339733514158080,1
180353461043331072,1
180361268941553664,1
180365711095365632,1
180366679505633280,1
180387294404935680,1
180404895428378624,1
180411211035181056,1
180443545956515840,1
180444781409730560,1
180518014653825024,1
180531330516254720,1
180533563718893568,1
180538744191844352,1
180544144710565888,1
180546848623165440,1
180547983023013888,1
180551910745440256,1
180560602417070080,1
180562583823056896,1
180564842820665344,1
180572783183396864,1
180582172531359744,1
180586471378386944,1
180588679675248640,1
180595143521337344,1
180595326422351872,1
180602907605860352,1
180608123587788800,1
180613845960622080,1
180614168427102208,1
180637903406235648,1
180639972649336832,1
180642501856591872,1
180651875681435648,1
180653777605361664,1
180657110328016896,1
180657565133176832,1
180662133506179072,1
180664003041689600,1
180687168115572736,1
180687605472428032,1
180698364537470976,1
180705635225042944,1
180707685501501440,1
180723624213217280,1
180725941922693120,1
180728744393048064,1
180743360988839936,1
180746547116376064,1
180771601074094080,1
180781232819273728,1
180871779474997248,1
180880841595944960,1
180883354051149824,1
180897255895597056,1
180911544660393984,1
180911971372105728,1
180915418913832960,1
180916859783086080,1
180975023324921856,1
180989107894222848,1
180995081732358144,1
181001504759480320,1
181004942922743808,1
181005607959003136,1
181016613720424448,1
181036202562945024,1
181038134954295296,1
181054366831083520,1
181057410507472896,1
181070612823384064,1
181074030818050048,1
181082562127376384,1
181102433654935552,1
181105380494069760,1
181106115864690688,1
181140355320737792,1
181224650158313472,1
181247587340345344,1
181260819540381696,1
181269669350846464,1
181276303675363328,1
181280856176570368,1
181291443448709120,1
181305480659902464,1
181309575487438848,1
181313010160267264,1
181322256275038208,1
181322310835019776,1
181334430639783936,1
181338942225076224,1
181372219396681728,1
181374465993375744,1
181382194796371968,1
181384118058512384,1
181386138756161536,1
181392335616765952,1
181400113887506432,1
181410071397502976,1
181410805275643904,1
181412537857552384,1
181436544058073088,1
181467176768892928,1
181467497220587520,1
181482438390603776,1
181504232644214784,1
181595256317292544,1
181600385939832832,1
181608569005793280,1
181609462290165760,1
181621160373391360,1
181627967513042944,1
181654362544451584,1
181665853031374848,1
181673133942304768,1
181676740315914240,1
181679915276533760,1
181692161496522752,1
181707941899915264,1
181729327001571328,1
181762710960295936,1
181767053682655232,1
181783591585923072,1
181785036091916288,1
181802636868423680,1
181812343140626432,1
181814148810080256,1
181835099061190656,1
181850787078647808,1
181896801714659328,1
181916568445583360,1
181920765952913408,1
181941584247209984,1
181954937127194624,1
181978086437646336,1
181995878423572480,1
181999793182003200,1
182013954414403584,1
182022812734263296,1
182031233265430528,1
182043252214661120,1
182047275903291392,1
182055177589538816,1
182064985123246080,1
182076157045075968,1
182076420086026240,1
182093038026801152,1
182103356012843008,1
182115569216647168,1
182120798601158656,1
182137732847550464,1
182141477388845056,1
182151803202179072,1
182155589596024832,1
182170512440700928,1
182189124634431488,1
182196738387042304,1
182243225532772352,1
182260127983632384,1
182288856178917376,1
182300172257558528,1
182317554429411328,1
182371511780827136,1
182403039076864000,1
182419385041911808,1
182429125091700736,1
182435181768708096,1
182446507634978816,1
182461045639557120,1
182474275616940032,1
182487794333384704,1
182513773278138368,1
182525194630696960,1
182533247058477056,1
182534758040436736,1
182544938649526272,1
182733268979159040,1
182741328124960768,1
182766004009861120,1
182795420169547776,1
182806242503864320,1
182820543581036544,1
182849028890091520,1
182850561126866944,1
182858426390859776,1
182860464792494080,1
182883697245487104,1
183036909990334464,1
183041001726234624,1
183045498478268416,1
183047036911775744,1
183047169827168256,1
183057409582870528,1
183077487272734720,1
183091496585998336,1
183092485655060480,1
183099581147123712,1
183112927088594944,1
183116915562332160,1
183135753464774656,1
183168884253749248,1
183180691077423104,1
183226246741962752,1
183230894609825792,1
183233445606289408,1
183247015140139008,1
183278807823552512,1
183315345001086976,1
183362173574270976,1
183389800428449792,1
183395574552719360,1
183404234439106560,1
183495811269136384,1
183520558355132416,1
183531548666073088,1
183542635000578048,1
183549325961560064,1
183552685448486912,1
183560183482404864,1
183563097497755648,1
183565739844448256,1
183580501960704000,1
183591430310457344,1
183600863570022400,1
183704207838892032,1
183751876860215296,1
183753454528671744,1
183800739854614528,1
183802256594477056,1
183802662465589248,1
183835138614411264,1
183838394231058432,1
183840802597527552,1
183841538963955712,1
183846379683201024,1
183851266879762432,1
183852049777545216,1
183857786880364544,1
183859188062908416,1
183875541640372224,1
183894615414890496,1
183909415639236608,1
183920498218749952,1
183922438086758400,1
183941271073947648,1
183951948955570176,1
183955710149201920,1
183968905391243264,1
183992689115078656,1
184107133216665600,1
184124512677269504,1
184133633901072384,1
184136995697049600,1
184144261692833792,1
184178950019166208,1
184184397384835072,1
184185715774046208,1
184242678442811392,1
184248719273586688,1
184266550146830336,1
184284336917266432,1
184286341718233088,1
184298576786513920,1
184315379784482816,1
184331939133202432,1
184339688083251200,1
184341498837082112,1
184349599043948544,1
184354020410163200,1
184523270708154368,1
184524365386461184,1
184546298767687680,1
184549905565884416,1
184601774597971968,1
184624817451311104,1
184642153338626048,1
184642516786511872,1
184644051812900864,1
184653065317531648,1
184656503927713792,1
184656683446226944,1
184675556973707264,1
184680595115872256,1
184726148200390656,1
184742118869733376,1
184834890435964928,1
184847857205280768,1
184858327063904256,1
184881958242791424,1
184925683009953792,1
184941193140514816,1
184946274020679680,1
184985435559096320,1
184999711739584512,1
185050342820192256,1
185059064643383296,1
185067244962140160,1
185078918600314880,1
185160139963756544,1
185169302879326208,1
185179902724120576,1
185276304993140736,1
185297351481647104,1
185300144377344000,1
185314478847483904,1
185324500886958080,1
185355947421761536,1
185379038209073152,1
185379783789875200,1
185384290897768448,1
185397970286092288,1
185401650538151936,1
185442171900469248,1
185579569210068992,1
185639714154835968,1
185658280073105408,1
185664653366329344,1
185665332811718656,1
185668875580768256,1
185680449584009216,1
185695512910221312,1
185715803346628608,1
185734824870002688,1
185750065478692864,1
185759419213488128,1
185792666385924096,1
185810703979786240,1
185826791058456576,1
185842824138215424,1
185936847088680960,1
185987733019254784,1
186032660095561728,1
186040791191961600,1
186045069083443200,1
186055156022538240,1
186065528267517952,1
186100204162121728,1
186136226750054400,1
186162013893255168,1
186166968982855680,1
186171321084395520,1
186311065730215936,1
186330236782358528,1
186420329481719808,1
186447928887947264,1
186448353188528128,1
186457491773476864,1
186503241922715648,1
186512090587160576,1
186514183071264768,1
186544789617094656,1
186572214891593728,1
186625776984203264,1
186638845461905408,1
186654271760191488,1
186660306649014272,1
186717802749276160,1
186731618591924224,1
186773067075493888,1
186775075373539328,1
186776773732913152,1
186779355005263872,1
186831340666650624,1
186831568519397376,1
186836212566519808,1
186841707268182016,1
186842483851182080,1
186843276847833088,1
186851692898639872,1
186864571258089472,1
186869506243969024,1
186896183559749632,1
186955493137555456,1
186980463000068096,1
187015435144081408,1
187038879698837504,1
187077159822913536,1
187088832086114304,1
187093383314481152,1
187120183480786944,1
187161294217240576,1
187168891571073024,1
187191405239504896,1
187193444568682496,1
187203682526363648,1
187223949127766016,1
187232330298068992,1
187248551992803328,1
187335918110728192,1
187345231016550400,1
187364444868415488,1
187424913964027904,1
187441065701036032,1
187448155100954624,1
187459748000292864,1
187467842211921920,1
187469594928771072,1
187478503680434176,1
187480766104539136,1
187483174371827712,1
187498999191334912,1
187545086485352448,1
187547904118550528,1
187551383837437952,1
187551848196329472,1
187558682808672256,1
187565425774379008,1
187565940334190592,1
187605783840329728,1
187611470575779840,1
187741074102435840,1
187780843433824256,1
187794242864082944,1
187797910976671744,1
187825899098603520,1
187832748466540544,1
187865651170922496,1
187889250853113856,1
187907806120067072,1
187951034295021568,1
187953641807896576,1
187963081246130176,1
187974292131053568,1
187994593561022464,1
188131497617760256,1
188146497783857152,1
188147632489488384,1
188149400042123264,1
188151723098939392,1
188164956458885120,1
188181991246823424,1
188186466152923136,1
188196989448208384,1
188197706962685952,1
188198814070988800,1
188222322501840896,1
188227545450487808,1
188242236039843840,1
188242652243980288,1
188253871715905536,1
188265857010311168,1
188301201302872064,1
188301871244189696,1
188325615640535040,1
188326471458574336,1
188365717435105280,1
188421840310620160,1
188449768406274048,1
188489366608498688,1
188494149811556352,1
188496384843210752,1
188518128095121408,1
188541913638027264,1
188573825519054848,1
188582083001962496,1
188591197219618816,1
188616994473402368,1
188620052990836736,1
188641513181368320,1
188647952380698624,1
188648353407598592,1
188667188100452352,1
188702439332286464,1
188794476828372992,1
188809701990113280,1
188830809250635776,1
188878190502879232,1
188879505634287616,1
188906334454751232,1
188918240210563072,1
188937526616735744,1
188938940540309504,1
188940604827537408,1
188950988905631744,1
188956227610669056,1
188957553207894016,1
188983932218503168,1
189022934045401088,1
189033649761005568,1
189033868133310464,1
189039600666361856,1
189050436032081920,1
189069871731421184,1
189081174810058752,1
189089278496722944,1
189176447102869504,1
189227284962668544,1
189250655899996160,1
189257908056371200,1
189283116611825664,1
189283350293004288,1
189289343439233024,1
189316991334039552,1
189337551612186624,1
189355386185490432,1
189375097259732992,1
189383631466110976,1
189393484650844160,1
189412129130496000,1
189430402793959424,1
189478375377723392,1
189503277380935680,1
189508910101090304,1
189535999199084544,1
189559753001304064,1
189567808667119616,1
189602117151522816,1
189628294192480256,1
189659327830720512,1
189683567425654784,1
189727189450932224,1
189739325411762176,1
189753368353075200,1
189821304255115264,1
189877214914965504,1
189938198036701184,1
189966707063394304,1
189967875490480128,1
190009480297488384,1
190058390433226752,1
190070489404911616,1
190070495355371520,1
190075157921910784,1
190099468868214784,1
190099647053037568,1
190114199285317632,1
190155675755687936,1
190158398475685888,1
190238465984495616,1
190267717005221888,1
190358073583747072,1
190378601709649920,1
190380028108763136,1
190414333077245952,1
190416118410919936,1
190417134167990272,1
190429426633797632,1
190431092557361152,1
190453223496556544,1
190476061605072896,1
190495748103020544,1
190514998827950080,1
190518912944050176,1
190532852503728128,1
190558831235596288,1
190674067573182464,1
190710891266605056,1
190758903614980096,1
190766372726636544,1
190780996948037632,1
190781163195994112,1
190803740105764864,1
190813231655903232,1
190870910906449920,1
190873739258191872,1
190992717860753408,1
191046676563918848,1
191052240164962304,1
191053383165931520,1
191075670734721024,1
191077152340070400,1
191080843675607040,1
191127875186761728,1
191130755224903680,1
191144014236418048,1
191147259675430912,1
191149461776420864,1
191276479663042560,1
191362325122461696,1
191402013259517952,1
191427240706945024,1
191429050290315264,1
191499967829032960,1
191517998440349696,1
191533910958915584,1
191551766599725056,1
191579879433183232,1
191731089967321088,1
191743853673472000,1
191785593072128000,1
191792301289541632,1
191792530131238912,1
191810408880918528,1
191834867392364544,1
191844276371943424,1
191864273289535488,1
191882523532660736,1
191885750875799552,1
191893158960549888,1
191972582465470464,1
192133169220984832,1
192146374709252096,1
192160915855294464,1
192170215076884480,1
192179058097295360,1
192184010045702144,1
192184680293560320,1
192192924079210496,1
192197173474934784,1
192222709733396480,1
192231519399825408,1
192246856605585408,1
192266821781528576,1
192267122669076480,1
192279037427032064,1
192311951883878400,1
192345540831096832,1
192369356775407616,1
192427873723604992,1
192445333144776704,1
192467801060061184,1
192474378815090688,1
192519536674807808,1
192524865404985344,1
192529660638384128,1
192538572215296000,1
192543202802728960,1
192547111119503360,1
192551860978102272,1
192573856494886912,1
192581520914489344,1
192595700120780800,1
192611838507687936,1
192630230181998592,1
192638831046635520,1
192640616925065216,1
192660035486650368,1
192662266435727360,1
192700819675332608,1
192795328138604544,1
192827971101409280,1
192850275108343808,1
192871222363729920,1
192972068662513664,1
192973712217444352,1
192976269345075200,1
192992109744918528,1
192993155354259456,1
192994486029279232,1
193003341486465024,1
193234906021687296,1
193248289798193152,1
193254316929642496,1
193260632913100800,1
193274938858401792,1
193368933243191296,1
193414798855979008,1
193537649456439296,1
193557703488475136,1
193571553781014528,1
193594853857427456,1
193627831833391104,1
193634282003881984,1
193635424286318592,1
193674146819387392,1
193706388986789888,1
193715003425234944,1
193734562920235008,1
193756076552146944,1
193884937527595008,1
193908636972490752,1
193975409639624704,1
194019954350272512,1
194032528251281408,1
194169588646858752,1
194182704881012736,1
194300770365947904,1
194342435531223040,1
194381745392242688,1
194395313183596544,1
194417917455613952,1
194435017120296960,1
194459561418240000,1
194485574525177856,1
194489353025335296,1
194492048653991936,1
194495760711090176,1
194614016695136256,1
194634470902239232,1
194703269862006784,1
194711113225093120,1
194734274289201152,1
194749642224308224,1
194759725628985344,1
194771036469510144,1
194772821248253952,1
194778567435640832,1
194836962604720128,1
194839344844996608,1
194910890938318848,1
194996119140798464,1
195094855809400832,1
195097996612096000,1
195103618529775616,1
195131937149288448,1
195154159747952640,1
195177713872056320,1
195207941371768832,1
195212680426659840,1
195242202221535232,1
195354884636618752,1
195381937400094720,1
195437136616988672,1
195459558326693888,1
195485669306441728,1
195488941138583552,1
195494880899092480,1
195509408123076608,1
195519828891246592,1
195547738467487744,1
195577946578399232,1
195586544068435968,1
195587487075315712,1
195753024363397120,1
195787460756271104,1
195804331956707328,1
195865553411485696,1
196006210707103744,1
196010522919477248,1
196097386531745792,1
196143849025220608,1
196153544184365056,1
196159565309415424,1
196178776259829760,1
196189763735216128,1
196204501572886528,1
196229996995477504,1
196242547259727872,1
196250289384079360,1
196254750451040256,1
196261242231336960,1
196287978862903296,1
196292559700643840,1
196334728604188672,1
196343865823547392,1
196438618754465792,1
196520578799104000,1
196530983960780800,1
196532518240591872,1
196570273966022656,1
196592812822659072,1
196637868598128640,1
196668559042019328,1
196671582946648064,1
196683375413628928,1
196690342507556864,1
196794846821367808,1
196854921925902336,1
196875328276336640,1
196945739347542016,1
196947208721473536,1
196950118566420480,1
196953187651280896,1
196954907384119296,1
196996534842957824,1
197030266510761984,1
197114818737745920,1
197129437028835328,1
197214504037314560,1
197215279240916992,1
197220247683149824,1
197248732938043392,1
197291097003999232,1
197321388674822144,1
197360258900758528,1
197405835520016384,1
197478907370205184,1
197516104201203712,1
197560791245033472,1
197574070698389504,1
197608374759043072,1
197620188358447104,1
197626078931632128,1
197639916865302528,1
197687261567373312,1
197694586528649216,1
197695687898226688,1
197705021904158720,1
197750916564557824,1
197751980031922176,1
197783770046832640,1
197942160269004800,1
197962716276944896,1
197989960721145856,1
197994905789681664,1
198004403874242560,1
198009547024535552,1
198009866897522688,1
198011444221231104,1
198023061277691904,1
198033130052587520,1
198055310925991936,1
198066071064666112,1
198066648153907200,1
198077097434062848,1
198248367818756096,1
198293840679665664,1
198311296711376896,1
198317314077270016,1
198321562383314944,1
198376045671239680,1
198404010527465472,1
198429967015768064,1
198450324423376896,1
198459198686793728,1
198478960122015744,1
198689130001670144,1
198741013451649024,1
198775867592589312,1
198791216795537408,1
198805052666085376,1
198805686381961216,1
198808514247589888,1
198809635684880384,1
198982396644950016,1
199023342036287488,1
199027155024666624,1
199136558507683840,1
199143936886087680,1
199162659554201600,1
199168781140484096,1
199173237509070848,1
199234705314574336,1
199326503897903104,1
199335071935451136,1
199343244286144512,1
199357227321724928,1
199371412929622016,1
199456232696401920,1
199517420833931264,1
199545798205583360,1
199564141666893824,1
199564200347111424,1
199660178254434304,1
199680702014758912,1
199730352757792768,1
199777365589381120,1
199900921758224384,1
200042410664636416,1
200056819561213952,1
200072907170705408,1
200123815514423296,1
200144255790096384,1
200145707596955648,1
200160512075935744,1
200178286837387264,1
200179370182844416,1
200186024108224512,1
200187223261483008,1
200197685729296384,1
200202914554667008,1
200226216630202368,1
200445144291180544,1
200516633935945728,1
200892654723100672,1
200972711077298176,1
200994993711362048,1
200997609008177152,1
201014397091512320,1
201018783722004480,1
201057178458714112,1
201071602725855232,1
201138896118071296,1
201153433074315264,1
201185943799496704,1
201208484828237824,1
201228590644944896,1
201239215926968320,1
201241136332980224,1
201244039551442944,1
201263032361238528,1
201277962421682176,1
201357162903314432,1
201375098993471488,1
201386675661582336,1
201408570914750464,1
201530949578891264,1
201581934870564864,1
201671293520723968,1
201713998676221952,1
201720602999640064,1
201721549683040256,1
201729692439314432,1
201731732457533440,1
201734037338927104,1
201740739479375872,1
201752223941308416,1
201795692854042624,1
201927422474211328,1
201950387447513088,1
201982068315017216,1
201991122742603776,1
202029229271801856,1
202052070581727232,1
202055828530364416,1
202066095378104320,1
202070185500483584,1
202071970470735872,1
202217448052051968,1
202274586232119296,1
202276152351350784,1
202314215432933376,1
202354202802528256,1
202361390930735104,1
202365854144184320,1
202370281218985984,1
202374170668236800,1
202379112229593088,1
202380788868972544,1
202399529274114048,1
202434593161187328,1
202491371406561280,1
202499325318332416,1
202499631926677504,1
202539634499080192,1
202611512199114752,1
202673284457099264,1
202711312313294848,1
202711570801774592,1
202716116397637632,1
202731351737962496,1
202891155558232064,1
202897886555885568,1
202979404741197824,1
202999058365374464,1
203014552057860096,1
203073408609017856,1
203113676660531200,1
203147650094931968,1
203168602127380480,1
203179522804080640,1
203188110748073984,1
203206432594657280,1
203360966742999040,1
203373194436788224,1
203375599104278528,1
203389475453136896,1
203393672695001088,1
203396553727877120,1
203406494282153984,1
203445537211895808,1
203487444376584192,1
203516215377330176,1
203524757080092672,1
203576741244612608,1
203579060646543360,1
203689100343308288,1
203712039167557632,1
203715053468786688,1
203734405693022208,1
203735815331131392,1
203739219921924096,1
203751456249696256,1
203788926109065216,1
203793047289360384,1
203804620339924992,1
203806580351807488,1
203806821564674048,1
203831521084506112,1
203843762370523136,1
203894858182963200,1
203929120316690432,1
203932392481247232,1
203937281936494592,1
203938583973699584,1
203938685745442816,1
203996663966498816,1
204054827891933184,1
204086657747021824,1
204092941248237568,1
204135348206030848,1
204171172230688768,1
204178396975435776,1
204185180750057472,1
204189154606317568,1
204192304154664960,1
204195363722752000,1
204211356026322944,1
204225561002512384,1
204228655779311616,1
204244366986170368,1
204260624007127040,1
204262441898811392,1
204264301936660480,1
204268631054688256,1
204279629996056576,1
204296977420218368,1
204339976577363968,1
204460716829806592,1
204463440401207296,1
204464765354201088,1
204507735461617664,1
204511603993907200,1
204511739906240512,1
204520227726266368,1
204529191737802752,1
204543489981239296,1
204547772158902272,1
204548710686453760,1
204559785464848384,1
204566274020208640,1
204580313878392832,1
204618931611996160,1
204739576628760576,1
204764680881885184,1
204786477998256128,1
204801826983202816,1
204810894471725056,1
204814590621106176,1
204845298440212480,1
204902520047202304,1
204908059240558592,1
204926041945821184,1
204938333030555648,1
204944758305222656,1
204945095299022848,1
204947125115072512,1
204948166615650304,1
204949931359879168,1
204961614692311040,1
204971856072216576,1
204973783684427776,1
204980532168146944,1
205001809747218432,1
205003523101274112,1
205012052478386176,1
205017590775144448,1
205046142879272960,1
205142584812277760,1
205151245700935680,1
205168818167799808,1
205172849070305280,1
205187257673662464,1
205203113412812800,1
205212967279165440,1
205219587067817984,1
205227439765078016,1
205241421816889344,1
205245524156997632,1
205263433484455936,1
205264141226283008,1
205276090733318144,1
205280750645637120,1
205282263633645568,1
205303072966983680,1
205307843977547776,1
205308427696455680,1
205315663377608704,1
205317781345402880,1
205350939280060416,1
205361062751227904,1
205362448129871872,1
205362657370734592,1
205365403093991424,1
205368696471773184,1
205373689877741568,1
205383186739601408,1
205383614358224896,1
205393226566598656,1
205483558596165632,1
205524882753814528,1
205524984517718016,1
205539429185421312,1
205562787580153856,1
205576909416394752,1
205583433051611136,1
205584766851194880,1
205585975191830528,1
205593060188827648,1
205602901986623488,1
205637832499892224,1
205646578884845568,1
205661736344903680,1
205680682385313792,1
205701923680256000,1
205704754242756608,1
205706295098224640,1
205721231926349824,1
205753674656616448,1
205828051753263104,1
205844671716405248,1
205890159903776768,1
205904329178394624,1
205921904404459520,1
205931208446631936,1
205931584539553792,1
205939286697353216,1
205975174412517376,1
205993905190785024,1
206013417230770176,1
206027032888143872,1
206032885239668736,1
206043305205161984,1
206216304374755328,1
206248377891266560,1
206289535549997056,1
206306282565570560,1
206315659326529536,1
206317658670395392,1
206317666603438080,1
206323092689530880,1
206358777588117504,1
206359211178389504,1
206367788381827072,1
206386820873359360,1
206392723325915136,1
206398661842104320,1
206402769108434944,1
206410685039931392,1
206422702076936192,1
206433775406440448,1
206433790863273984,1
206444708884570112,1
206474237216079872,1
206474751221514240,1
206576258002649088,1
206595708176588800,1
206630603969265664,1
206651417065848832,1
206665573217837056,1
206676231126573056,1
206686645860462592,1
206696512336326656,1
206711629418491904,1
206745567613980672,1
206748433715339264,1
206755966754680832,1
206764068710244352,1
206775976469262336,1
206780609954795520,1
206790050744176640,1
206802046375948288,1
206814662879031296,1
206829566076067840,1
206917557178933248,1
206918944123478016,1
206963167508504576,1
206987149512437760,1
206996759780364288,1
207012874126286848,1
207016966070423552,1
207024725235621888,1
207027540071608320,1
207066785599541248,1
207089678736531456,1
207091819220238336,1
207101364085293056,1
207103107168505856,1
207107430604414976,1
207111226918539264,1
207120284873912320,1
207123434520608768,1
207137976325603328,1
207145494283386880,1
207147937919762432,1
207149056248995840,1
207162141706616832,1
207164830332551168,1
207182198285213696,1
207299616962826240,1
207339045940756480,1
207369120684261376,1
207375725755949056,1
207375953935642624,1
207393187269861376,1
207436468560793600,1
207445315324702720,1
207473116750381056,1
207475145456992256,1
207484625780723712,1
207486021672357888,1
207495774638481408,1
207499025819549696,1
207518158357016576,1
207518659372531712,1
207523090656722944,1
207528037746020352,1
207537841817559040,1
207549051963650048,1
207567046796484608,1
207567120072278016,1
207594779992170496,1
207687403359580160,1
207710343256088576,1
207712039374008320,1
207721218080206848,1
207761343964434432,1
207773680263159808,1
207780880428875776,1
207789405127495680,1
207791147390193664,1
207795792861216768,1
207809861376323584,1
207812101949517824,1
207833499411308544,1
207845869973856256,1
207850678038331392,1
207856712759107584,1
207859729199611904,1
207870962927673344,1
207874033294508032,1
207881359253786624,1
207919572724342784,1
207931197207576576,1
208034907557392384,1
208055508563054592,1
208081483811065856,1
208081778849853440,1
208090439696920576,1
208091508369899520,1
208097611685199872,1
208107865561788416,1
208112377513459712,1
208130596754059264,1
208131879183613952,1
208136432915484672,1
208149431430512640,1
208152100515799040,1
208158689318080512,1
208166718509592576,1
208168905443377152,1
208169721930797056,1
208181710303707136,1
208184424382386176,1
208187647415889920,1
208194472530485248,1
208195788344619008,1
208203725629267968,1
208207436221452288,1
208216121304965120,1
208216192587960320,1
208222660384841728,1
208223115851202560,1
208226247786938368,1
208231682375753728,1
208252905632043008,1
208282258766934016,1
208314789286977536,1
208339852754313216,1
208372703194157056,1
208420112899526656,1
208427424597938176,1
208444715248582656,1
208445732682252288,1
208454356160987136,1
208498199862484992,1
208498831479779328,1
208500725913821184,1
208511272863334400,1
208523552080715776,1
208529504796123136,1
208530758867079168,1
208534792858193920,1
208540505395499008,1
208547214782742528,1
208551715130593280,1
208556437367799808,1
208561122155188224,1
208564442166624256,1
208574029848276992,1
208583074889699328,1
208584250515570688,1
208587405163466752,1
208588358332346368,1
208588702492241920,1
208595016917606400,1
208595171746279424,1
208600656020361216,1
208631188444024832,1
208667178651525120,1
208786958538162176,1
208790187276886016,1
208799704247332864,1
208851588818354176,1
208864105391460352,1
208868187756011520,1
208882164744175616,1
208896560715923456,1
208926997682200576,1
208936884511707136,1
208937059832250368,1
208938660770418688,1
208948806875774976,1
208974709118795776,1
208980504685015040,1
208988700570472448,1
208997610409041920,1
209000162168012800,1
209003308175331328,1
209070600088571904,1
209150815057932288,1
209171913839022080,1
209184163399528448,1
209192686940905472,1
209209093972602880,1
209214226591850496,1
209283870372265984,1
209303968956641280,1
209313463118561280,1
209315362456907776,1
209335056164679680,1
209337605806440448,1
209352109425115136,1
209358401499377664,1
209432411319095296,1
209470811277471744,1
209493489765347328,1
209501642070802432,1
209542256789393408,1
209546789637636096,1
209560294796980224,1
209569360505098240,1
209581404700180480,1
209604834259361792,1
209641630541123584,1
209652592405688320,1
209660329714204672,1
209678450474016768,1
209699764634685440,1
209702904615145472,1
209718618520395776,1
209725721827160064,1
209726478302814208,1
209739585871515648,1
209746034422820864,1
209747562002526208,1
209857854508290048,1
209868514133344256,1
209881761662955520,1
209919475950534656,1
209924777356034048,1
209930078301425664,1
209947481806471168,1
209951099800039424,1
209954067979481088,1
209956461727182848,1
209971789889413120,1
209975026454401024,1
209979210233741312,1
209979338845982720,1
209985290616799232,1
209994418309713920,1
209998064944627712,1
210044877925707776,1
210051986037878784,1
210071225757597696,1
210218398455222272,1
210241271990067200,1
210260050688376832,1
210273067378499584,1
210273968834621440,1
210309200605339648,1
210311634969178112,1
210326758504013824,1
210330287988658176,1
210338700158496768,1
210350428749520896,1
210371445512613888,1
210374029240717312,1
210375463771500544,1
210403050427822080,1
210404007273267200,1
210412087832399872,1
210415321900179456,1
210426493189140480,1
210433002396246016,1
210436468089036800,1
210562231015989248,1
210575610657656832,1
210601004211748864,1
210612289707020288,1
210618498365063168,1
210646900955136000,1
210654136480919552,1
210654585554214912,1
210658392210411520,1
210691790287151104,1
210696712218103808,1
210698316909576192,1
210707902938824704,1
210710996447711232,1
210715732250824704,1
210733043015401472,1
210776694208675840,1
210822185305161728,1
210851243750440960,1
210860109285662720,1
210882797478932480,1
210928913734332416,1
210943027951362048,1
210970823691882496,1
210982988253425664,1
210985768221786112,1
210994413065547776,1
211008932896415744,1
211011409818353664,1
211023875452608512,1
211028531211661312,1
211034890836037632,1
211051316862418944,1
211055020127297536,1
211057207159558144,1
211074056401543168,1
211080694852923392,1
211081304088203264,1
211089915619119104,1
211121735665934336,1
211130841586876416,1
211144031824707584,1
211158153509584896,1
211158685342134272,1
211178191731408896,1
211281727302443008,1
211290642827870208,1
211305622147170304,1
211344186502602752,1
211367641669439488,1
211367750385831936,1
211371620785491968,1
211373317567016960,1
211376823835557888,1
211376984008437760,1
211391858294640640,1
211393698074099712,1
211405845438922752,1
211416160368148480,1
211423625647947776,1
211425550544449536,1
211429355325329408,1
211448771450454016,1
211449604550483968,1
211450422703628288,1
211452672401317888,1
211452987821735936,1
211456369861070848,1
211458450827255808,1
211459962990882816,1
211468553848942592,1
211478533363924992,1
211481429177786368,1
211490544131284992,1
211504925640982528,1
211518945447936000,1
211522048451575808,1
211546437291163648,1
211557169101201408,1
211578332861018112,1
211674727893827584,1
211689248036331520,1
211733348996358144,1
211760446450520064,1
211761232167342080,1
211780229310353408,1
211785794677805056,1
211797358668558336,1
211799483263754240,1
211799814777065472,1
211803513272328192,1
211808217866608640,1
211821577954140160,1
211831819480563712,1
211848922638397440,1
211853061633523712,1
211854777925832704,1
211862400978153472,1
211868884166676480,1
211873057934413824,1
211900739383975936,1
211940778961461248,1
212014440672849920,1
212018687642972160,1
212054503081480192,1
212055802340274176,1
212073757769818112,1
212074921135980544,1
212077339680104448,1
212083696699817984,1
212087903775940608,1
212094277290795008,1
212099177276383232,1
212109077286989824,1
212110761233100800,1
212115386291961856,1
212115476447805440,1
212148673405673472,1
212148882268979200,1
212152611366330368,1
212159026972483584,1
212159846507790336,1
212162739327442944,1
212165273957699584,1
212173587441795072,1
212189592115896320,1
212189910744006656,1
212191660514959360,1
212199380662845440,1
212199388500131840,1
212201248704434176,1
212225367680114688,1
212261641944285184,1
212292149782773760,1
212357414099914752,1
212389197518983168,1
212401739880398848,1
212432339769872384,1
212441303504183296,1
212443471415222272,1
212456362727653376,1
212469624319148032,1
212475745248247808,1
212477270757330944,1
212487009892737024,1
212498740319633408,1
212513219020419072,1
212518326423785472,1
212533303820865536,1
212536575632404480,1
212538259030237184,1
212543932084248576,1
212546706233241600,1
212549526096769024,1
212555563634782208,1
212557105609785344,1
212558306257858560,1
212571544657137664,1
212573174798581760,1
212576254618894336,1
212590086500458496,1
212599064059645952,1
212600836419678208,1
212754955224285184,1
212765085189095424,1
212783625310662656,1
212791329237630976,1
212794538635710464,1
212799886535237632,1
212822790559830016,1
212841242601439232,1
212859694209810432,1
212890329199960064,1
212890497805623296,1
212893339596410880,1
212908965017571328,1
212926087088406528,1
212927647827484672,1
212930710807236608,1
212931822329724928,1
212937576721190912,1
212938941773357056,1
212942532968214528,1
212943399305166848,1
212946792441712640,1
212947894618976256,1
212948463964405760,1
212951786298953728,1
212951926110208000,1
213001557011156992,1
213009527372230656,1
213033879211933696,1
213083249691860992,1
213096648335314944,1
213097443805564928,1
213155068241424384,1
213169991005900800,1
213190180511526912,1
213193082259427328,1
213200656980365312,1
213205690012770304,1
213215684536475648,1
213216056576458752,1
213261953267998720,1
213275375984250880,1
213332795611463680,1
213346025139646464,1
213346859817586688,1
213355829210771456,1
213426410069118976,1
213459836084342784,1
213465643512770560,1
213494678174842880,1
213497545193902080,1
213498567952138240,1
213511691785437184,1
213537300827709440,1
213543407641440256,1
213544333373128704,1
213545564500955136,1
213559179774713856,1
213565849626775552,1
213571494893056000,1
213573216940032000,1
213577463617720320,1
213593787841937408,1
213594118740463616,1
213613919799717888,1
213615651568828416,1
213617535994200064,1
213618531216846848,1
213626835407093760,1
213637416832028672,1
213650967765934080,1
213658496320765952,1
213659113809756160,1
213660293044998144,1
213671933066825728,1
213673377678610432,1
213682017888198656,1
213707083248820224,1
213730285007302656,1
213830027979943936,1
213844418832060416,1
213846208504406016,1
213848862068862976,1
213875528880590848,1
213887779857154048,1
213888514476519424,1
213895652950003712,1
213907869953576960,1
213911171600404480,1
213914830826225664,1
213915603068821504,1
213936421013446656,1
213940443966373888,1
213948148908982272,1
213957669229019136,1
213970274400784384,1
213981102155538432,1
213988079479164928,1
213989218855661568,1
213991673918132224,1
213996348595175424,1
213996918367014912,1
213997183409434624,1
213997213778530304,1
213997488417452032,1
214013146878435328,1
214014362383007744,1
214015710058467328,1
214030168957272064,1
214032076633305088,1
214033839931187200,1
214041044475518976,1
214060333245812736,1
214070731841110016,1
214094466511790080,1
214122187594076160,1
214127399565209600,1
214141650739949568,1
214230230524813312,1
214239891894841344,1
214276875647610880,1
214285112792621056,1
214293541165965312,1
214301520237690880,1
214338631200899072,1
214340254109659136,1
214342328131223552,1
214345389336760320,1
214347654834274304,1
214348448648626176,1
214354216760430592,1
214361844411899904,1
214366232498847744,1
214367012678328320,1
214375044514533376,1
214387293398867968,1
214405328326946816,1
214415678927962112,1
214415984561090560,1
214419882711805952,1
214423562823000064,1
214424650341568512,1
214483631107039232,1
214490805721681920,1
214534150111498240,1
214579027796578304,1
214591665563529216,1
214614623535652864,1
214624364170969088,1
214625579101925376,1
214666999547469824,1
214679377751207936,1
214687692867842048,1
214688670820200448,1
214690309304430592,1
214697508891787264,1
214697517769506816,1
214715718288482304,1
214728684481912832,1
214730317219295232,1
214740625220276224,1
214742664459771904,1
214750510784872448,1
214762302579150848,1
214798338656567296,1
214911301501763584,1
214916581915512832,1
214974713698119680,1
214977030283603968,1
214979551719788544,1
214988182458806272,1
215015371884175360,1
215022207620456448,1
215023350647128064,1
215027732037124096,1
215032106801729536,1
215035166041432064,1
215036244106104832,1
215040680075984896,1
215060294846754816,1
215075243166060544,1
215079659999252480,1
215084731411222528,1
215089393880764416,1
215091978644770816,1
215102959497342976,1
215109346789060608,1
215112470205202432,1
215116912713396224,1
215129744378015744,1
215136699857690624,1
215144187933544448,1
215145628205731840,1
215189512470679552,1
215245391958781952,1
215312452347523072,1
215327991863918592,1
215336781253337088,1
215359080093118464,1
215361509784059904,1
215362511666155520,1
215366038862503936,1
215378498720825344,1
215391786000871424,1
215400490643726336,1
215419600667590656,1
215421428998987776,1
215434290236088320,1
215442475161915392,1
215445909906288640,1
215446178098294784,1
215459372865581056,1
215461031211921408,1
215461230557581312,1
215462487732883456,1
215478834231889920,1
215490037470588928,1
215495280896942080,1
215509962461188096,1
215532848694022144,1
215552914545836032,1
215640517002231808,1
215653653428662272,1
215667867438120960,1
215682562633441280,1
215703076830527488,1
215703471710310400,1
215712456046948352,1
215714808317796352,1
215717516956905472,1
215721053938528256,1
215724375285694464,1
215735053055725568,1
215737920262201344,1
215746054331310080,1
215763581720760320,1
215770795209039872,1
215779973736714240,1
215814611173969920,1
215818899271344128,1
215822452032417792,1
215824334538829824,1
215824418975924224,1
215840103605026816,1
215843679381860352,1
215843866202570752,1
215846731816632320,1
215847783829622784,1
215874225816399872,1
215884538567794688,1
215886802633613312,1
215889678775287808,1
215896746808012800,1
215897201593716736,1
215902368343109632,1
215903297664442368,1
215907314985426944,1
216011606352764928,1
216015322389827584,1
216017507398504448,1
216042677322260480,1
216050774861737984,1
216053189623431168,1
216056142450671616,1
216068024933138432,1
216089829599989760,1
216098670546493440,1
216101995446829056,1
216102512801542144,1
216102803002007552,1
216113627003379712,1
216124442815438848,1
216125237239836672,1
216133447451901952,1
216143119185289216,1
216147056271286272,1
216176719314722816,1
216185482294390784,1
216190036648083456,1
216194734704099328,1
216200310202261504,1
216201283677048832,1
216202470472691712,1
216208184230174720,1
216215481840443392,1
216221200759635968,1
216227391044268032,1
216229353237622784,1
216231500320735232,1
216240240627183616,1
216253430282223616,1
216264691229388800,1
216334283851755520,1
216362907245039616,1
216379916584988672,1
216393630957039616,1
216420192548302848,1
216424309396353024,1
216431296815312896,1
216440969981108224,1
216445789113716736,1
216450107828129792,1
216461446673686528,1
216484886353309696,1
216491558210068480,1
216499844152254464,1
216511392060428288,1
216517613816029184,1
216520653057183744,1
216531446096580608,1
216537089387835392,1
216539352768475136,1
216541699146383360,1
216548042208960512,1
216552028889645056,1
216552200192999424,1
216558207994839040,1
216561112409743360,1
216589799298867200,1
216721975932211200,1
216752984208195584,1
216804991616466944,1
216833231311859712,1
216833848415014912,1
216834505577717760,1
216836237718646784,1
216843290314743808,1
216869360345956352,1
216872544707600384,1
216878392828182528,1
216885708190711808,1
216890537631952896,1
216891737041244160,1
216907350986158080,1
216924484511625216,1
216934685365727232,1
216937458269159424,1
216955567907807232,1
216959424162652160,1
216977415133233152,1
216994418639523840,1
217003481716113408,1
217102632264163328,1
217125442305028096,1
217135966178439168,1
217139921054699520,1
217164212036673536,1
217185969469038592,1
217186567906975744,1
217190169290080256,1
217219875345215488,1
217231425089114112,1
217246647646838784,1
217247039412391936,1
217248653074800640,1
217249335459627008,1
217262478624493568,1
217286508114849792,1
217286780474060800,1
217295686982541312,1
217304567967469568,1
217318238384988160,1
217349351335882752,1
217422388123938816,1
217442956075970560,1
217448867379478528,1
217449078656602112,1
217454825123258368,1
217457934760624128,1
217477787749003264,1
217482240814301184,1
217484599436414976,1
217488864269869056,1
217545310668955648,1
217564123487449088,1
217565418067865600,1
217570688219488256,1
217571688414892032,1
217574952571928576,1
217583538129293312,1
217590859381915648,1
217594027571961856,1
217600991775260672,1
217604648761782272,1
217606229047447552,1
217616457779605504,1
217629907037224960,1
217635889661419520,1
217664784799924224,1
217678749741256704,1
217683765925871616,1
217685992479485952,1
217690858601549824,1
217745094008803328,1
217822578515861504,1
217856342367584256,1
217864988749307904,1
217871953146785792,1
217876665243947008,1
217878626996785152,1
217889213508112384,1
217902437287989248,1
217907286900326400,1
217908285367369728,1
217912312686096384,1
217917392056860672,1
217919059968700416,1
217931259806982144,1
217935770912112640,1
217937018806644736,1
217948913360834560,1
217955605631832064,1
217957246533365760,1
217970904395079680,1
217988236293775360,1
217989367884570624,1
217989400043184128,1
217993284950224896,1
217993966614577152,1
218001597476409344,1
218009269037002752,1
218011884954312704,1
218041589632655360,1
218063263125192704,1
218202828817563648,1
218223112045457408,1
218225121115115520,1
218237192670617600,1
218248001423159296,1
218252499363352576,1
218268186729910272,1
218291513242800128,1
218295726626209792,1
218297378634326016,1
218299020019638272,1
218310185799761920,1
218323348416909312,1
218329972333043712,1
218344971244269568,1
218346136457883648,1
218347590817701888,1
218354988016136192,1
218357179980570624,1
218359684020785152,1
218363985133350912,1
218365190468710400,1
218394727228067840,1
218410013343928320,1
218414846116900864,1
218419021728505856,1
218421478274281472,1
218442540383596544,1
218525954842214400,1
218531996525559808,1
218546534558564352,1
218565746475552768,1
218566307150675968,1
218592710927233024,1
218606565886767104,1
218614025862221824,1
218622845666783232,1
218628935224676352,1
218631618231091200,1
218643776231350272,1
218691658259595264,1
218706680473640960,1
218722469382180864,1
218728246399217664,1
218747742412525568,1
218747787114037248,1
218748721587523584,1
218773336884146176,1
218773847774666752,1
218798365443375104,1
218818254795939840,1
218857740493361152,1
218929609272393728,1
218959514940432384,1
218996916998078464,1
219002267123785728,1
219002619518418944,1
219008262576340992,1
219008945198534656,1
219009683186728960,1
219015666957340672,1
219015793122369536,1
219033959421972480,1
219044430459142144,1
219080372152532992,1
219095218492542976,1
219106669588738048,1
219117405441732608,1
219123818387775488,1
219127564430475264,1
219148129922252800,1
219155932785840128,1
219209874101342208,1
219320120004096000,1
219370130697494528,1
219376739935240192,1
219383377982382080,1
219389564614356992,1
219411586439774208,1
219418269116653568,1
219426941191512064,1
219430903145058304,1
219431688889982976,1
219437177458388992,1
219440349271388160,1
219450359234158592,1
219452910586003456,1
219457827338805248,1
219463164085313536,1
219469505137500160,1
219470286856187904,1
219481305793589248,1
219490181049131008,1
219490576165982208,1
219492621917519872,1
219493907689930752,1
219495113801564160,1
219498752437788672,1
219501893890625536,1
219509517501620224,1
219519524159725568,1
219533161974067200,1
219541246443503616,1
219545044908564480,1
219592996699750400,1
219600476840669184,1
219622669899509760,1
219630631164747776,1
219649922485792768,1
219656652818317312,1
219668910991183872,1
219679833385361408,1
219682945576726528,1
219702535189680128,1
219715112375988224,1
219717708741103616,1
219722411682193408,1
219729745531568128,1
219739439162122240,1
219741903219359744,1
219752468545949696,1
219753905941577728,1
219760033431531520,1
219773833442451456,1
219778898947862528,1
219791567183101952,1
219812308383928320,1
219816048014069760,1
219818961269239808,1
219819674165022720,1
219828291902836736,1
219831310975975424,1
219839992662622208,1
219856201477926912,1
219867484939874304,1
219877075691675648,1
219887978403958784,1
219967034016325632,1
219978215468208128,1
220033875223044096,1
220050654739632128,1
220055727567892480,1
220064296737685504,1
220081346379010048,1
220082973451497472,1
220090425505959936,1
220096597734637568,1
220112901098663936,1
220116724153843712,1
220118367794470912,1
220143188280619008,1
220159442021998592,1
220161274578636800,1
220164162331545600,1
220184467860291584,1
220192884436873216,1
220199850691309568,1
220202877188476928,1
220205787181973504,1
220207483806437376,1
220215831870529536,1
220228299947331584,1
220232945036607488,1
220342960247271424,1
220395710408204288,1
220404307610271744,1
220407927762780160,1
220412983379722240,1
220418147725758464,1
220419213327396864,1
220427599291621376,1
220428403294687232,1
220438036248674304,1
220440861775859712,1
220442601506213888,1
220443791680552960,1
220446614779506688,1
220462144902135808,1
220490941453291520,1
220494820992540672,1
220503667680604160,1
220506375676301312,1
220506959638937600,1
220507172132032512,1
220512617772109824,1
220513178564153344,1
220527747103358976,1
220536383365885952,1
220538566952095744,1
220549948358451200,1
220550095442448384,1
220564593961295872,1
220565005018632192,1
220566603158290432,1
220575136601968640,1
220577343885901824,1
220644791736233984,1
220698088624074752,1
220705169476857856,1
220711908880625664,1
220725396399280128,1
220729867362209792,1
220741692908998656,1
220771951409803264,1
220785324314255360,1
220786977088602112,1
220787211538051072,1
220799837866541056,1
220804564663549952,1
220813249126543360,1
220819611852840960,1
220825329299468288,1
220829006816280576,1
220848962709098496,1
220850124207677440,1
220855765130874880,1
220860667841966080,1
220861073202307072,1
220864389309800448,1
220864795372154880,1
220866672827723776,1
220871446755323904,1
220873147958087680,1
220885378276679680,1
220886137295130624,1
220887653424168960,1
220887840227516416,1
220899976666304512,1
220901553718591488,1
220905671241474048,1
220913217823068160,1
220921497956683776,1
220925183481225216,1
220926176320307200,1
220928645347794944,1
220939738513297408,1
220988377054482432,1
220991429834395648,1
221006769908162560,1
221012425606209536,1
221035123685466112,1
221085164265291776,1
221102969643081728,1
221108265209085952,1
221118665088970752,1
221131697299652608,1
221135690993025024,1
221159620288208896,1
221163168028971008,1
221167966983667712,1
221172046096822272,1
221188824237395968,1
221191604873953280,1
221194360589357056,1
221198068229881856,1
221208941302161408,1
221211439875801088,1
221218921688535040,1
221227089725763584,1
221229797731147776,1
221230258620559360,1
221231330632142848,1
221233134296518656,1
221234229010030592,1
221240465663438848,1
221253094423707648,1
221267136476528640,1
221275117285740544,1
221276573798219776,1
221286373314928640,1
221289719748972544,1
221292585081253888,1
221302400423026688,1
221308085535006720,1
221311142474149888,1
221321890431778816,1
221327915273310208,1
221330306434637824,1
221347806842720256,1
221361417394720768,1
221409457155985408,1
221452389621481472,1
221463348652736512,1
221472784080945152,1
221482986295222272,1
221504354997874688,1
221519912207446016,1
221530773029736448,1
221551391881355264,1
221551958874951680,1
221562938782244864,1
221566030419943424,1
221578132359045120,1
221578939594375168,1
221579482156990464,1
221583693984129024,1
221588239513550848,1
221591509480841216,1
221602421309476864,1
221616183010222080,1
221619222379249664,1
221629552003211264,1
221630066554208256,1
221631027440975872,1
221633448348471296,1
221637669084844032,1
221646232178958336,1
221646841881006080,1
221677985815904256,1
221682597339561984,1
221758011399262208,1
221775656947068928,1
221810095551062016,1
221810232907735040,1
221831114816360448,1
221836703689547776,1
221844236580548608,1
221847791105146880,1
221871230091964416,1
221894471031873536,1
221894670410137600,1
221899810632056832,1
221900662439522304,1
221907574290157568,1
221912225395650560,1
221926056913137664,1
221950556340445184,1
221951944655990784,1
221967417998405632,1
221984711855161344,1
221989089646997504,1
221991263870787584,1
221996642293092352,1
222010009512218624,1
222011793888350208,1
222023440041025536,1
222031599022964736,1
222057771048931328,1
222057845614948352,1
222071087573635072,1
222103464290308096,1
222105831642832896,1
222156632827912192,1
222167458522353664,1
222167612360777728,1
222176362096939008,1
222184545004916736,1
222188281318326272,1
222191069174312960,1
222225404888862720,1
222236888018776064,1
222263953683521536,1
222264131354562560,1
222264289899945984,1
222266889307512832,1
222267863179898880,1
222272298467074048,1
222272643857678336,1
222274179559145472,1
222275644152553472,1
222280872798253056,1
222281362222235648,1
222285690321854464,1
222287143553327104,1
222288396202078208,1
222291157802614784,1
222303010399432704,1
222308429228843008,1
222308757001834496,1
222314115746275328,1
222322730759974912,1
222335305884131328,1
222339838255239168,1
222340851701796864,1
222345774904160256,1
222351959388835840,1
222353989751427072,1
222365646807920640,1
222366196197437440,1
222367320524308480,1
222377977754533888,1
222391892385681408,1
222394383653314560,1
222421863833354240,1
222515239061041152,1
222537175526522880,1
222540249537212416,1
222551337358409728,1
222554437032497152,1
222564622363676672,1
222566693669031936,1
222569149386264576,1
222569717870895104,1
222570244138864640,1
222576094386413568,1
222595118861139968,1
222596134031507456,1
222601817276977152,1
222603052036104192,1
222610902462902272,1
222611411490390016,1
222617132935897088,1
222630544480571392,1
222634670204850176,1
222641760020594688,1
222645466959228928,1
222655731120529408,1
222674059214020608,1
222675552361533440,1
222694154144268288,1
222698218268332032,1
222706521956069376,1
222706650604228608,1
222707688306188288,1
222711795404279808,1
222721740135931904,1
222724074669834240,1
222725696069812224,1
222729150570110976,1
222731779975516160,1
222747289954058240,1
222750890799226880,1
222751310611808256,1
222775708629725184,1
222776021927419904,1
222795976787841024,1
222823752426516480,1
222824807706144768,1
222935892074672128,1
222937504977477632,1
222938815026192384,1
222947900995436544,1
222956438864400384,1
222956971405111296,1
222960539820929024,1
222974207735476224,1
222978834010214400,1
222979208708456448,1
223004165206335488,1
223009083995422720,1
223012767843344384,1
223032732474384384,1
223039301895933952,1
223040149433810944,1
223065895231246336,1
223068997200990208,1
223069445588426752,1
223072190085840896,1
223079951886385152,1
223082977088778240,1
223087675915370496,1
223088320186396672,1
223090551713505280,1
223092419779084288,1
223102357818023936,1
223105795904671744,1
223108075579867136,1
223112200280600576,1
223114637094825984,1
223116347893280768,1
223119443020726272,1
223126788591054848,1
223131853923672064,1
223240200518639616,1
223258583420674048,1
223269071439605760,1
223277582332432384,1
223277819548463104,1
223281015691010048,1
223283129311375360,1
223287675399802880,1
223288023094960128,1
223290044510507008,1
223298798547542016,1
223305627003887616,1
223309797622153216,1
223330143506186240,1
223339411684745216,1
223340460244398080,1
223340519252443136,1
223342656797601792,1
223349714947231744,1
223355954742448128,1
223379036040749056,1
223383991038722048,1
223387752696733696,1
223406525355995136,1
223408868210782208,1
223410807495589888,1
223416016186785792,1
223425127215480832,1
223433307915685888,1
223457234573549568,1
223463541066932224,1
223466356554596352,1
223468010108211200,1
223494915973292032,1
223500353187082240,1
223528922113667072,1
223553496235778048,1
223605823511232512,1
223618316343296000,1
223632991867879424,1
223636107563913216,1
223647225116938240,1
223648037051228160,1
223660613587537920,1
223668019913469952,1
223676294086463488,1
223708322971385856,1
223715191597277184,1
223726385601421312,1
223728823792275456,1
223729832029888512,1
223736340992278528,1
223740653268058112,1
223751873008656384,1
223752013953544192,1
223758028993134592,1
223771739999973376,1
223773239216349184,1
223775603968368640,1
223775739011289088,1
223778808656953344,1
223782126211768320,1
223783824357351424,1
223785851530551296,1
223795084528275456,1
223796381942923264,1
223800493274669056,1
223803955447238656,1
223805047672573952,1
223817520418254848,1
223821303855079424,1
223823831715381248,1
223837659502813184,1
223844201407549440,1
223846633458397184,1
223849357822885888,1
223866412042584064,1
223877170624864256,1
223885420104151040,1
223903393436532736,1
223974660269871104,1
224009018979213312,1
224019444331368448,1
224029115786584064,1
224035450674831360,1
224048245943373824,1
224053726143737856,1
224054811691888640,1
224061713763975168,1
224066905597378560,1
224070650628591616,1
224070720751243264,1
224098592637792256,1
224099173557604352,1
224102213711503360,1
224108360357199872,1
224115935657865216,1
224125566818521088,1
224142049128914944,1
224153542611673088,1
224154303964270592,1
224166681031819264,1
224169507722891264,1
224182586679386112,1
224187984440643584,1
224188867601842176,1
224195601688121344,1
224195637975916544,1
224205200544968704,1
224207520382840832,1
224210588789129216,1
224217101620183040,1
224238578413326336,1
224241167621840896,1
224252618269319168,1
224259543512707072,1
224261641953153024,1
224334345618477056,1
224347235248709632,1
224377411678150656,1
224377474021756928,1
224389074406543360,1
224402278737395712,1
224409823439114240,1
224415005401448448,1
224420863851962368,1
224423411557576704,1
224424962159321088,1
224429642115346432,1
224430014821003264,1
224430064283058176,1
224439584204169216,1
224444825117949952,1
224446201507250176,1
224447520770572288,1
224448442688180224,1
224448765680726016,1
224453896861949952,1
224455361265233920,1
224470116090916864,1
224481975656517632,1
224485147797082112,1
224490289744318464,1
224492537389187072,1
224493084067561472,1
224493947525894144,1
224502919206404096,1
224508074208952320,1
224509104478953472,1
224509687846903808,1
224513302350712832,1
224521351362887680,1
224525418049339392,1
224525529064652800,1
224528337682030592,1
224528559673143296,1
224531459777798144,1
224533300966207488,1
224545058204917760,1
224549802483613696,1
224550584104742912,1
224553889640001536,1
224557238079832064,1
224561477688979456,1
224569672277463040,1
224586810087317504,1
224590684428529664,1
224592967884673024,1
224605502648651776,1
224611872949288960,1
224625809278943232,1
224672747751768064,1
224683331747184640,1
224684108199206912,1
224713652067405824,1
224729400383565824,1
224743300327104512,1
224744819178835968,1
224745506861735936,1
224751562447835136,1
224756204579151872,1
224770791441244160,1
224785382138425344,1
224792351971856384,1
224799846384562176,1
224812030986547200,1
224813448787496960,1
224816088836096000,1
224816584094478336,1
224819052395700224,1
224842481740062720,1
224849186802290688,1
224861336415109120,1
224866625238454272,1
224876319451602944,1
224892602280992768,1
224894397073203200,1
224902454344769536,1
224904644612071424,1
224906665185017856,1
224916345619881984,1
224917442655051776,1
224917503275376640,1
224922141462913024,1
224924993012051968,1
224938984973209600,1
224952269294481408,1
224962201307906048,1
224965636703805440,1
225033002310410240,1
225038111624699904,1
225048766976081920,1
225061915054567424,1
225071292323291136,1
225072599446007808,1
225086583880368128,1
225104853849464832,1
225133252270493696,1
225140639843590144,1
225141054705131520,1
225153077976772608,1
225156992569499648,1
225163749803515904,1
225163844618731520,1
225166910163214336,1
225192186643931136,1
225195688553496576,1
225196014036623360,1
225196031619932160,1
225203075622604800,1
225205827863789568,1
225205905444478976,1
225212378394619904,1
225221427747930112,1
225223425056468992,1
225224491370901504,1
225230622890643456,1
225231072563425280,1
225239735896932352,1
225241931135836160,1
225243711115137024,1
225253009975492608,1
225253384925433856,1
225253862785703936,1
225270816131604480,1
225273379740459008,1
225274747971325952,1
225279176639537152,1
225280373744111616,1
225292703435137024,1
225302730472353792,1
225307000549421056,1
225308937755856896,1
225312330954248192,1
225343861797257216,1
225348809843699712,1
225364896447381504,1
225392670399733760,1
225416998301278208,1
225435051783294976,1
225437145447014400,1
225438656826621952,1
225440619686313984,1
225445943407087616,1
225468065970630656,1
225479668908388352,1
225484629334409216,1
225489933801332736,1
225491822999048192,1
225496556782223360,1
225500888536993792,1
225501841310679040,1
225503187016097792,1
225505215721172992,1
225508054846529536,1
225518114075930624,1
225518305862463488,1
225533206464393216,1
225541488531456000,1
225546843329880064,1
225547651041087488,1
225549483922669568,1
225553124417372160,1
225571605284511744,1
225602755248967680,1
225626380012113920,1
225627403180732416,1
225629818489716736,1
225635020337209344,1
225658996514996224,1
225667979386855424,1
225671292825346048,1
225673478690508800,1
225684761888444416,1
225699977251274752,1
225738110557962240,1
225754958597775360,1
225780538703441920,1
225810766008328192,1
225824052750004224,1
225839167660404736,1
225843753875075072,1
225848908085710848,1
225855169793441792,1
225856213886971904,1
225872991036268544,1
225876201411584000,1
225876306864111616,1
225880692736053248,1
225883506736021504,1
225885860569821184,1
225910195423215616,1
225917794268696576,1
225921357402603520,1
225925387029622784,1
225926985517432832,1
225929203724177408,1
225931416713576448,1
225945158265159680,1
225950403808403456,1
225950606715310080,1
225952604824571904,1
225954494670270464,1
225955915727020032,1
225956358102753280,1
225961858916429824,1
225965003293585408,1
225965112500211712,1
225972675468795904,1
225974309583560704,1
225974514882011136,1
225991419061571584,1
225994086923706368,1
225994957347500032,1
226011734341595136,1
226014637485477888,1
226017833789669376,1
226019466567852032,1
226027446091853824,1
226056896786345984,1
226067597960429568,1
226070446895755264,1
226103118155558912,1
226159101778259968,1
226163339243896832,1
226189021797027840,1
226191599046557696,1
226194042545070080,1
226205808755621888,1
226209580808409088,1
226213007447019520,1
226218837334237184,1
226219987580874752,1
226234682683793408,1
226238326980644864,1
226260063010181120,1
226269618520879104,1
226277053838745600,1
226287783945854976,1
226289732092366848,1
226290939734183936,1
226292986616844288,1
226294217576833024,1
226302154343624704,1
226310649580163072,1
226312481490698240,1
226316035900710912,1
226320438310043648,1
226323312722579456,1
226325693803462656,1
226328008962543616,1
226331041107857408,1
226334606950961152,1
226337922083483648,1
226339959259082752,1
226340982141390848,1
226342436471939072,1
226351335616565248,1
226352502685573120,1
226355346316001280,1
226356082290974720,1
226356627813842944,1
226359268211933184,1
226361694616072192,1
226369768919519232,1
226381688378294272,1
226385356651151360,1
226387862074761216,1
226397932636999680,1
226406724668207104,1
226409986660352000,1
226421003253194752,1
226427577174908928,1
226453303564095488,1
226509780071632896,1
226510449829593088,1
226526299234050048,1
226545809304793088,1
226547084537274368,1
226554257899175936,1
226555533753069568,1
226563750266482688,1
226572645507964928,1
226577734546915328,1
226581285440897024,1
226581489395798016,1
226597795967643648,1
226598117107998720,1
226603843050991616,1
226604413196996608,1
226610547945197568,1
226612982659354624,1
226617258723885056,1
226617491126673408,1
226628626078240768,1
226637664338587648,1
226638945944588288,1
226649231589076992,1
226654802659037184,1
226658006716403712,1
226661086437699584,1
226671122330857472,1
226677540223107072,1
226679308131254272,1
226684128513630208,1
226688875826622464,1
226692080213635072,1
226693440601800704,1
226693982330494976,1
226697166111981568,1
226718857507815424,1
226726341592219648,1
226734796561534976,1
226735308767350784,1
226744780943601664,1
226746503426646016,1
226756440371863552,1
226759462015635456,1
226847990861459456,1
226881142938898432,1
226894291017379840,1
226921146913980416,1
226933854431117312,1
226937414401966080,1
226937826128498688,1
226939486072672256,1
226949036466143232,1
226952903628238848,1
226956659106619392,1
226960177606684672,1
226961100010610688,1
226965249025581056,1
226972381139013632,1
226977551906041856,1
226979401377779712,1
226988549693693952,1
226988638792224768,1
226992510261293056,1
226992614467178496,1
226992642567688192,1
226992721557164032,1
226997200395988992,1
227000844983603200,1
227004287367942144,1
227004477991489536,1
227005842256121856,1
227006085121564672,1
227006600201162752,1
227016558202617856,1
227020782556090368,1
227026958385078272,1
227030773193129984,1
227031405255184384,1
227032413645987840,1
227033373968019456,1
227034615326298112,1
227048476992491520,1
227050145571102720,1
227053334526726144,1
227060253236371456,1
227079664268185600,1
227080256055623680,1
227096671167971328,1
227098202259910656,1
227101632033689600,1
227120108520349696,1
227121717188997120,1
227129105967075328,1
227133012921184256,1
227164606434791424,1
227218560948961280,1
227265784971169792,1
227271369825955840,1
227272383316713472,1
227287176519733248,1
227296317101633536,1
227299533571223552,1
227304180982337536,1
227307846466822144,1
227311540430114816,1
227315346961825792,1
227340766685077504,1
227346146646990848,1
227346503418314752,1
227349345610625024,1
227350993753915392,1
227363952783523840,1
227364666551726080,1
227388484732207104,1
227398753636564992,1
227407607564525568,1
227412547588788224,1
227419644255305728,1
227420235946307584,1
227431811474694144,1
227437068424130560,1
227438408744202240,1
227444292159369216,1
227448459122167808,1
227457288872779776,1
227473218909057024,1
227485048710324224,1
227493678184804352,1
227494983733829632,1
227504659781029888,1
227508996354306048,1
227519818698641408,1
227568644091850752,1
227572474496303104,1
227600559334961152,1
227606970383736832,1
227607604531924992,1
227622045698048000,1
227636470067150848,1
227642253459357696,1
227644964829401088,1
227647672058634240,1
227653748653195264,1
227656837102387200,1
227666291167019008,1
227667669982187520,1
227670650276421632,1
227670956390264832,1
227680882494660608,1
227683907689611264,1
227689568503844864,1
227706025456631808,1
227706836259704832,1
227710265377427456,1
227716027828604928,1
227716220459327488,1
227717775770259456,1
227719880096927744,1
227720148953763840,1
227722479516672000,1
227730463273005056,1
227739278332559360,1
227742310344163328,1
227743703440412672,1
227744557951860736,1
227744856419893248,1
227746194984976384,1
227748373988814848,1
227750011195236352,1
227754306522529792,1
227763111979458560,1
227764801872654336,1
227767349151420416,1
227767903945433088,1
227774824973209600,1
227778158813323264,1
227778886388174848,1
227779784958554112,1
227781224434536448,1
227783796639059968,1
227786275492331520,1
227787634781097984,1
227788138378657792,1
227793700220325888,1
227793755470987264,1
227795614371823616,1
227804659068194816,1
227804945153765376,1
227805711558545408,1
227806348301725696,1
227807103778508800,1
227825165149523968,1
227840985393774592,1
227845472152039424,1
227963354898059264,1
227969943656386560,1
227999031247523840,1
227999879541813248,1
228009625064386560,1
228012559869419520,1
228021815567360000,1
228027692913106944,1
228029081281294336,1
228036461225889792,1
228041866365374464,1
228042401005150208,1
228048617904005120,1
228051702518620160,1
228056639167721472,1
228058519853768704,1
228064791867928576,1
228068387503230976,1
228071912048570368,1
228082329350234112,1
228082643676602368,1
228086005703929856,1
228092285485637632,1
228092692578037760,1
228092809278636032,1
228093399924477952,1
228115031007756288,1
228117049995018240,1
228118605694173184,1
228122510752002048,1
228122749716074496,1
228131868741169152,1
228132242500087808,1
228135762501054464,1
228136944039034880,1
228141166985998336,1
228141315314159616,1
228143980834119680,1
228151688113160192,1
228154435603705856,1
228161383751729152,1
228162090705928192,1
228162333168721920,1
228162748697116672,1
228165337422741504,1
228165465439801344,1
228166933705596928,1
228172630210838528,1
228173936985112576,1
228174861545279488,1
228180198141083648,1
228187200867082240,1
228187919914741760,1
228190969082814464,1
228192641949073408,1
228195375719120896,1
228201366665449472,1
228202578012995584,1
228221705230823424,1
228239553547063296,1
228241860745347072,1
228293365516746752,1
228308112830087168,1
228336320982896640,1
228339920175804416,1
228350618973810688,1
228354020658835456,1
228365305075638272,1
228366770370637824,1
228374203033939968,1
228383608985899008,1
228386251776299008,1
228394317644644352,1
228401702765735936,1
228408786746642432,1
228414438222565376,1
228414732346441728,1
228424580854554624,1
228426784993021952,1
228427070098976768,1
228431019561656320,1
228437452603047936,1
228445841306525696,1
228446553326108672,1
228447519595470848,1
228448009275695104,1
228450250996715520,1
228450529007820800,1
228459537012285440,1
228460139266404352,1
228461261697941504,1
228461311855685632,1
228464124709617664,1
228465789125271552,1
228467109983412224,1
228467691998502912,1
228475583792381952,1
228477519139422208,1
228477848443342848,1
228478430996692992,1
228481564829433856,1
228490971497836544,1
228494372145299456,1
228496003557404672,1
228496556093808640,1
228497609822756864,1
228515322390024192,1
228517726486073344,1
228517983260909568,1
228519763741495296,1
228522668937334784,1
228523831392497664,1
228526980068405248,1
228533111809765376,1
228537997643313152,1
228538043558412288,1
228539748707479552,1
228541820835303424,1
228546032903876608,1
228547623784402944,1
228556088493281280,1
228556549775745024,1
228568472638476288,1
228574219941838848,1
228652246479040512,1
228670789607473152,1
228690211549241344,1
228693034876637184,1
228703941132619776,1
228711258134429696,1
228717494898606080,1
228729224965644288,1
228731715335200768,1
228745351970435072,1
228746140731113472,1
228747074683600896,1
228749631081111552,1
228756966610882560,1
228763558430269440,1
228783918364712960,1
228786604359696384,1
228791735876923392,1
228794176721092608,1
228796301623934976,1
228798685583945728,1
228798714638761984,1
228800342710022144,1
228801170806210560,1
228804543743234048,1
228804964322045952,1
228805613765914624,1
228806760242675712,1
228817815267254272,1
228825341104762880,1
228833161623973888,1
228842604180996096,1
228846298718834688,1
228849140205146112,1
228851010284236800,1
228857051644964864,1
228858046154072064,1
228861425622126592,1
228861648920993792,1
228864962164314112,1
228865702014586880,1
228880057695272960,1
228887593709748224,1
228891887475118080,1
228895925599584256,1
228896115742863360,1
228905413880385536,1
228908820979638272,1
228931795748655104,1
228936784562876416,1
228955095955595264,1
228964000457388032,1
229017009474519040,1
229024757273784320,1
229033318119575552,1
229042791292805120,1
229050570612264960,1
229057974201085952,1
229070479212290048,1
229073670909808640,1
229076762404278272,1
229080139539058688,1
229082328637259776,1
229084495517937664,1
229085725561671680,1
229087468237168640,1
229093221379235840,1
229113636597071872,1
229120668477530112,1
229126909609930752,1
229128474396405760,1
229129822727553024,1
229130751438094336,1
229135719616983040,1
229146726146355200,1
229150103963512832,1
229151044789358592,1
229152068152066048,1
229155342513631232,1
229155861092687872,1
229156991162720256,1
229157634495651840,1
229160775684984832,1
229162305310343168,1
229167496471904256,1
229176265564700672,1
229177332064718848,1
229183590532329472,1
229189002960265216,1
229191048320122880,1
229192474031349760,1
229194161574166528,1
229197230142009344,1
229202097804173312,1
229204067563827200,1
229206220896694272,1
229207869820923904,1
229210980157149184,1
229219440861872128,1
229224690388721664,1
229225508992651264,1
229250045793968128,1
229252117955268608,1
229257967105351680,1
229258104320688128,1
229259611423588352,1
229260846367719424,1
229261262976110592,1
229265966863552512,1
229266355235225600,1
229266605828481024,1
229267435746541568,1
229268232743567360,1
229268753232699392,1
229271664723226624,1
229272500338790400,1
229276254711828480,1
229279184030085120,1
229280315356524544,1
229286829645639680,1
229286899111903232,1
229287635839602688,1
229288745324093440,1
229313762638749696,1
229314574055636992,1
229322640670478336,1
229329262280507392,1
229333144651309056,1
229352951203745792,1
229378799120596992,1
229384077549953024,1
229392790227202048,1
229395542951514112,1
229404673814888448,1
229409467424169984,1
229418058270486528,1
229421461742731264,1
229425430134452224,1
229434527489953792,1
229435230590652416,1
229436507181637632,1
229438239958155264,1
229438864516485120,1
229451003095883776,1
229454269011439616,1
229463436747907072,1
229463639429550080,1
229469918672584704,1
229471355570634752,1
229476557614317568,1
229492418005327872,1
229497469500899328,1
229498712773373952,1
229499395936444416,1
229502163199320064,1
229506127286861824,1
229508963499872256,1
229511237833089024,1
229512599382401024,1
229516794349789184,1
229518196267556864,1
229518642306740224,1
229521220011503616,1
229521994153644032,1
229522128240971776,1
229527157633396736,1
229531910472667136,1
229532818113642496,1
229534921411428352,1
229534954370469888,1
229540885584908288,1
229545046166626304,1
229550846211375104,1
229555337239199744,1
229560844644007936,1
229563154078556160,1
229563307942617088,1
229571041242394624,1
229572473789874176,1
229572924443975680,1
229575489031319552,1
229578931294662656,1
229579729592094720,1
229581819645276160,1
229581952638390272,1
229583291745533952,1
229586757446946816,1
229589415898636288,1
229590765692710912,1
229591921032695808,1
229594903191121920,1
229595909029507072,1
229596120849743872,1
229596370626416640,1
229597202004393984,1
229598952445943808,1
229600688012886016,1
229601191012798464,1
229602633528492032,1
229603195320938496,1
229603542004637696,1
229606102687043584,1
229606347379732480,1
229606397972082688,1
229606959709208576,1
229607868533641216,1
229610086391021568,1
229611583005765632,1
229615171857281024,1
229618110429892608,1
229618923834765312,1
229619409572962304,1
229619879671267328,1
229620955918602240,1
229622416547729408,1
229623975071313920,1
229629507423309824,1
229640012765224960,1
229645325485842432,1
229651519850614784,1
229656170911236096,1
229661984724328448,1
229663574876225536,1
229668302370664448,1
229670125017329664,1
229683719777021952,1
229693175091920896,1
229767252965609472,1
229776555726921728,1
229781429908525056,1
229786427353251840,1
229788348394496000,1
229794486464401408,1
229795597587890176,1
229797769314816000,1
229798857490640896,1
229801979450560512,1
229805396855910400,1
229807287523315712,1
229811078506422272,1
229821210088263680,1
229824530112438272,1
229825363405914112,1
229827404226904064,1
229828248126562304,1
229842028025208832,1
229843656644132864,1
229843953344929792,1
229844533124915200,1
229847104353779712,1
229863652909645824,1
229865518673842176,1
229865555816431616,1
229866969888559104,1
229867576099115008,1
229867620596973568,1
229878495222390784,1
229881209152352256,1
229891214279991296,1
229893837900169216,1
229896584139800576,1
229896722383585280,1
229899692645093376,1
229904914821640192,1
229906128233869312,1
229906654460837888,1
229906886586044416,1
229908693238779904,1
229911122212192256,1
229916851472846848,1
229918567500623872,1
229920254420922368,1
229921174006013952,1
229926894419890176,1
229927170471882752,1
229927452696039424,1
229928268762275840,1
229928997512261632,1
229930259333574656,1
229930708553838592,1
229931812827373568,1
229937938105700352,1
229939563297558528,1
229940461487935488,1
229940809165512704,1
229940982987067392,1
229942630633463808,1
229942666533552128,1
229944550001836032,1
229946322399019008,1
229946483215163392,1
229948513134256128,1
229948952644460544,1
229952564634275840,1
229953935766990848,1
229957727683694592,1
229957989746290688,1
229958071070101504,1
229960329816432640,1
229962118013706240,1
229962696001699840,1
229964660852555776,1
229965108353523712,1
229967103590563840,1
229969460631236608,1
229970799909523456,1
229971097897316352,1
229971324236439552,1
229972371548303360,1
229977320056025088,1
229978203420614656,1
229980126646198272,1
229980160775585792,1
229980973077360640,1
229982555903496192,1
229983172207853568,1
229984466102513664,1
229985187387596800,1
229987735906213888,1
229988766790328320,1
229994299952812032,1
229995703646810112,1
229997349313736704,1
229998756697890816,1
229998997064826880,1
229999982292172800,1
230003843435282432,1
230007920047448064,1
230009903094636544,1
230009939991416832,1
230020626993360896,1
230024563011809280,1
230024613748547584,1
230026745008652288,1
230030401130373120,1
230032758935318528,1
230041733610754048,1
230044479859056640,1
230057689945640960,1
230058013034401792,1
230058459379335168,1
230060065659244544,1
230060896833449984,1
230069501542670336,1
230075851301199872,1
230079068569022464,1
230098748455960576,1
230108884284604416,1
230109356620550144,1
230109554935668736,1
230116324530405376,1
230123358672564224,1
230126893419954176,1
230128073454825472,1
230133453358329856,1
230139254275571712,1
230145914905812992,1
230146207718248448,1
230147425129332736,1
230147729189392384,1
230149870223507456,1
230150894872735744,1
230151290386632704,1
230156246940356608,1
230160595560849408,1
230164074692333568,1
230164930202476544,1
230165789906411520,1
230167402407497728,1
230171126259130368,1
230172728889237504,1
230172776316952576,1
230173179046871040,1
230175271445626880,1
230177535177834496,1
230178861334679552,1
230180864974954496,1
230185546554466304,1
230188961717055488,1
230191775798689792,1
230195792704819200,1
230196662059163648,1
230196871661555712,1
230197771810836480,1
230198428033593344,1
230198890843328512,1
230198923612577792,1
230199793474727936,1
230200206912606208,1
230201079345229824,1
230201410216833024,1
230202635694358528,1
230203981330821120,1
230204726544003072,1
230207529884549120,1
230210761485017088,1
230211957572972544,1
230212873693028352,1
230214914534559744,1
230216989789143040,1
230217311378657280,1
230217714074664960,1
230217748443344896,1
230221592633311232,1
230222871888449536,1
230225041837015040,1
230225319950589952,1
230229394467123200,1
230230029966209024,1
230231610851409920,1
230234300810444800,1
230235884620926976,1
230237146182459392,1
230237539028799488,1
230238433370714112,1
230239087386001408,1
230239189751025664,1
230241604608524288,1
230242140346982400,1
230249628382035968,1
230255599089930240,1
230255828301983744,1
230259165942628352,1
230259597783351296,1
230259865310892032,1
230260995269423104,1
230261259192852480,1
230262743531933696,1
230262862268485632,1
230263384492212224,1
230267114033299456,1
230267549770960896,1
230267661094875136,1
230267959669633024,1
230268245921316864,1
230269315558916096,1
230269346665787392,1
230271628384665600,1
230272133324161024,1
230272967761715200,1
230273363323674624,1
230274447700082688,1
230274460596256768,1
230275144114733056,1
230275971447721984,1
230276170676776960,1
230276421430190080,1
230276652170182656,1
230277036307959808,1
230277632676954112,1
230278586356293632,1
230279270530400256,1
230279479569223680,1
