229957772275507200,8
187572511403909120,6
228522668937334784,6
176225850574766080,5
176668048428630016,5
177018556838313984,5
188620083707764736,5
210295631748362240,5
216483956134952960,5
218063263125192704,5
221954048238108672,5
225311660112216064,5
228086586900361216,5
181708734787915776,4
195336204432392192,4
206690162478555136,4
209167203867222016,4
215421428998987776,4
216208632582062080,4
219665173866782720,4
223304559173828608,4
223384871961317376,4
225270727384932352,4
228098514690977792,4
230209820794974208,4
171955848568897536,3
172148057150849024,3
173792806731513856,3
175238132122255360,3
175966157721829376,3
177097245429071872,3
177786116898816000,3
178052860368388096,3
178512848639492096,3
179225880550178816,3
179241022671290368,3
181294007852945408,3
184133633901072384,3
188488985559457792,3
189535999199084544,3
189693853145595904,3
190075157921910784,3
191042011597295616,3
194381745392242688,3
198062955852124160,3
199173237509070848,3
209198875783344128,3
211448771450454016,3
211502155356385280,3
214646644042457088,3
214968265492008960,3
216710206999126016,3
216885708190711808,3
219068533351641088,3
220143188280619008,3
220887653424168960,3
221840845794021376,3
222320718998364160,3
222525754162561024,3
222614230643355648,3
222633787758018560,3
222634670204850176,3
222974207735476224,3
223000739150426112,3
223142937926971392,3
223379152126218240,3
223416016186785792,3
223701924596543488,3
224124506591342592,3
224181793681080320,3
224415005401448448,3
225789695073939456,3
226010809076142080,3
226679755941216256,3
226799410602430464,3
227440000304558080,3
227447632615530496,3
227665275066015744,3
227744175547121664,3
227774933557440512,3
227788974358581248,3
227794202437296128,3
227948022379814912,3
228230051583102976,3
228851970363002880,3
229600730364366848,3
229866963590688768,3
229955592986537984,3
229981887012429824,3
230029030344941568,3
230240203862536192,3
230255599089930240,3
230271060139941888,3
230292750190645248,3
170058874710130688,2
170556976944644096,2
170699390661427200,2
170772634810712064,2
170833446497681408,2
170985667965222912,2
171501709003063296,2
172779014920863744,2
173209952054149120,2
173321091475832832,2
173485444166582272,2
175101911735730176,2
175129066679042048,2
175199897513885696,2
175245854356013056,2
175403530289414144,2
175501147505688576,2
175523364675256320,2
175571353649283072,2
175576886150168576,2
175598903394041856,2
175636330640834560,2
175739336740831232,2
175766276608622592,2
175865415161872384,2
175900824856166400,2
176043969547862016,2
176137469639524352,2
176216019549814784,2
176218326286991360,2
176361176672763904,2
176473905035214848,2
176631019158372352,2
176916112099770368,2
176921036007145472,2
176958678782443520,2
177422039445929984,2
177650212938973184,2
177690664442527744,2
177732433150476288,2
177922002105925632,2
178008030653186048,2
178038922209656832,2
178057611587878912,2
178059612153446400,2
178082778020052992,2
178480488426504192,2
178487271647870976,2
178726775407247360,2
178755424613302272,2
178800087340679168,2
178966173444997120,2
179333708237504512,2
179358914389737472,2
179527316714553344,2
180194067269812224,2
180260363600658432,2
180361268941553664,2
181281179183104000,2
181355298046730240,2
181631663398674432,2
181954937127194624,2
182056131401822208,2
182096576787435520,2
182103356012843008,2
182107047321731072,2
182347835843624960,2
182420401167949824,2
182479375983632384,2
182883697245487104,2
183277388315471872,2
183278807823552512,2
183449654214397952,2
183555270269468672,2
183861997585858560,2
184178635752607744,2
184901163809804288,2
185254211461730304,2
185724778692734976,2
185800098149486592,2
186065667155795968,2
186910313387941888,2
187032430936928256,2
187478503680434176,2
188153548409860096,2
188317591370141696,2
188476037165867008,2
188510719058350080,2
188534132965650432,2
189023135881048064,2
190061982117945344,2
190438529240879104,2
190992717860753408,2
192115787573665792,2
192218060827676672,2
192882956951003136,2
193015613123731456,2
193511393568083968,2
193639588597309440,2
194774699178856448,2
195338811573317632,2
195407254530383872,2
195557615585140736,2
195561220709048320,2
196010522919477248,2
196829080066801664,2
197220810304557056,2
197639916865302528,2
197712030697054208,2
197962716276944896,2
198327127954452480,2
199075678119399424,2
199808613054636032,2
201138896118071296,2
201407286885228544,2
202711045174468608,2
203065387147952128,2
203524757080092672,2
203542200771874816,2
203753948612419584,2
203928870035693568,2
204225561002512384,2
204460888302432256,2
205219587067817984,2
205674022273814528,2
205759682441863168,2
206020663530139648,2
207101225915371520,2
207495774638481408,2
207543859514269696,2
207710343256088576,2
208207436221452288,2
208243856184565760,2
208271038231474176,2
208521225451372544,2
209237139849433088,2
209248469218504704,2
209614447168696320,2
209699764634685440,2
210056875426168832,2
210575610657656832,2
210594019932585984,2
210712598292639744,2
210727673706401792,2
211448487918034944,2
211465168611860480,2
211767313978630144,2
212244564736212992,2
212921011899662336,2
213546276874698752,2
213617322871259136,2
213653099321942016,2
213743588744826880,2
214203302091042816,2
214697377940398080,2
214774108900323328,2
214784306570747904,2
214794726950178816,2
215016254080282624,2
215031415006146560,2
215084483065974784,2
215330049174798336,2
215362511666155520,2
215510673497210880,2
215653653428662272,2
215764231166803968,2
215793447151919104,2
215914733906325504,2
216109316681723904,2
216215853788463104,2
216306096781082624,2
216511392060428288,2
216554381869027328,2
216861851518144512,2
216905783889633280,2
217040404055179264,2
217189192906055680,2
217267051142901760,2
217457934760624128,2
217618863003103232,2
217844358411661312,2
218351350721060864,2
218434478059237376,2
218613983790018560,2
218632251799724032,2
218781078846947328,2
218974228832649216,2
219592996699750400,2
219633445312569344,2
220058855879503872,2
220153379563433984,2
220190311887716352,2
220491135445999616,2
220776861579259904,2
220846265758982144,2
220859864228081664,2
220925183481225216,2
220926176320307200,2
221140804074913792,2
221193911333920768,2
221194674888278016,2
221209932359790592,2
221218921688535040,2
221308187753820160,2
221321314034491392,2
221677985815904256,2
221858904032751616,2
222013859335852032,2
222897100880896000,2
222916566089613312,2
223108075579867136,2
223281749825748992,2
223329353791946752,2
223386473226248192,2
223395056606535680,2
223409986783006720,2
223479560403767296,2
223778926628560896,2
223799097040633856,2
223832747603206144,2
223840090714820608,2
224026679736262656,2
224159292384567296,2
224166681031819264,2
224230670395523072,2
224377474021756928,2
224745506861735936,2
224830455917244416,2
224891158803365888,2
224917175975198720,2
225133252270493696,2
225195688553496576,2
225257888426078208,2
225293243659149312,2
225642879076425728,2
225810766008328192,2
225905887254548480,2
225909707859877888,2
226317306434904064,2
226740716293685248,2
226988638792224768,2
227035603258494976,2
227251434675122176,2
227362853429796864,2
227375163365429248,2
227390039962525696,2
227568644091850752,2
227703868801323008,2
227706731530260480,2
227807261526167552,2
227999879541813248,2
228001660394594304,2
228047547520663552,2
228051895744942080,2
228069787055927296,2
228082329350234112,2
228083651546009600,2
228141166985998336,2
228227084111515648,2
228312613670453248,2
228382202582519808,2
228512938727575552,2
228561310616817664,2
228575031734767616,2
228719706282446848,2
228731012697980928,2
228763420413231104,2
228780678633771008,2
228832451287924736,2
228838566304419840,2
228838936719396864,2
228849140205146112,2
228856508755693568,2
228927204263784448,2
229074010872348672,2
229136230325780480,2
229177830271344640,2
229183590532329472,2
229204330265587712,2
229221543371812864,2
229252094699282432,2
229266355235225600,2
229374984627240960,2
229418058270486528,2
229575489031319552,2
229597905085849600,2
229606959709208576,2
229872494709960704,2
229920434235633664,2
229923388888440832,2
229944550001836032,2
230014343775625216,2
230182609054818304,2
230190678413504512,2
230249628382035968,2
230257863333965824,2
230267109950271488,2
230276513665998848,2
230280302297235456,2
230283360034611200,2
230286133424988160,2
230287964300865536,2
230289870068596736,2
230291614852784128,2
230293509147066368,2
230293959635161088,2
151975469019824128,1
169380534928015360,1
169459449554010112,1
169840609572421632,1
170042187797495808,1
170120129818918912,1
170134206297407488,1
170145673675538432,1
170146462640898048,1
170174943210766336,1
170178688854261760,1
170183788037406720,1
170225233188356096,1
170256898820407296,1
170276199535214592,1
170324917970010112,1
170329528747425792,1
170358197767372800,1
170401939593363456,1
170407852572147712,1
170427905216610304,1
170431062399254528,1
170448288066043904,1
170455309867810816,1
170468632382406656,1
170471694522122240,1
170480682378723328,1
170483951247294464,1
170544129548222464,1
170544778616766464,1
170549541072797696,1
170562309461114880,1
170564869215485952,1
170581710457536512,1
170626004300070912,1
170645534166482944,1
170693613372571648,1
170723516587442176,1
170741607983742976,1
170746019091316736,1
170756394729865216,1
170760173760020480,1
170762135121428480,1
170783820851707904,1
170790860269551616,1
170804273569857536,1
170812587590549504,1
170814408971255808,1
170815428409425920,1
170895256798101504,1
170900933591433216,1
170901659130527744,1
170913629351182336,1
170920910402879488,1
170923778514092032,1
170927326068998144,1
170942721408630784,1
170944240044474368,1
170950932350107648,1
170992902581780480,1
171021919712182272,1
171062662807945216,1
171078611573407744,1
171089138324340736,1
171089761388199936,1
171091537650778112,1
171095344170401792,1
171127840027181056,1
171158651749269504,1
171170952183283712,1
171172960663502848,1
171199062551298048,1
171218065294360576,1
171244154762821632,1
171258492512894976,1
171268699024523264,1
171286380943507456,1
171297520004104192,1
171314587541438464,1
171418734026555392,1
171421159298957312,1
171423170333507584,1
171432489217163264,1
171439056146661376,1
171464317760176128,1
171481789829742592,1
171533709160218624,1
171617237965209600,1
171683630593081344,1
171769668648828928,1
171781475576840192,1
171807318004989952,1
171817042519785472,1
171865878575448064,1
171959808373555200,1
172001473398308864,1
172011122776342528,1
172038480447143936,1
172071613053796352,1
172185616904093696,1
172217359178661888,1
172268151432544256,1
172315318297821184,1
172319323761672192,1
172347482112524288,1
172537656087937024,1
172668829141303296,1
172677783518969856,1
172680611532636160,1
172703377661100032,1
172704319307513856,1
172715415472963584,1
172722939278393344,1
172725004889227264,1
172732756910931968,1
172736155278639104,1
172923157999517696,1
172961143881465856,1
172975816739651584,1
172983334165544960,1
172990292633321472,1
173009892448141312,1
173010500655775744,1
173022211622305792,1
173038194248384512,1
173064674890219520,1
173068484610097152,1
173123678421123072,1
173164645446582272,1
173230591150391296,1
173252693593161728,1
173296553794994176,1
173307475406094336,1
173309546620518400,1
173312836242505728,1
173317830492553216,1
173378403137748992,1
173401073640275968,1
173422190442577920,1
173422491891400704,1
173578003844956160,1
173597331604635648,1
173674789418827776,1
173693073434345472,1
173698016727793664,1
173710764794707968,1
173715093912027136,1
173743127717216256,1
173748615662010368,1
173756065345699840,1
173984749570752512,1
174017406081957888,1
174051251237945344,1
174116103646085120,1
174139990282862592,1
174143909591515136,1
174177255876984832,1
174192347381235712,1
174265177061982208,1
174331309059997696,1
174360310331736064,1
174393650963283968,1
174410137836978176,1
174440822266134528,1
174467310600323072,1
174516412616802304,1
174577840732241920,1
174588435992936448,1
174641383846445056,1
174645687139434496,1
174708358475939840,1
174716679815692288,1
174734936685674496,1
174740909412319232,1
174762942732959744,1
174795327943999488,1
174810724537729024,1
174816620760268800,1
174817980956278784,1
174833318812975104,1
174836849611636736,1
174861938365300736,1
174878568063434752,1
174888601832652800,1
174916126113792000,1
174920307973292032,1
174931145698312192,1
174958882047655936,1
175027035343683584,1
175027125550579712,1
175028580080680960,1
175054659797385216,1
175071296407732224,1
175105693878059008,1
175119699275677696,1
175145748734672896,1
175150178154577920,1
175151865560825856,1
175158149492244480,1
175165945717719040,1
175177885080879104,1
175182990509342720,1
175193324896911360,1
175196860481273856,1
175197250568323072,1
175198371022110720,1
175206259719405568,1
175208156039741440,1
175208747134615552,1
175210072996052992,1
175217868617547776,1
175221423265021952,1
175231566568488960,1
175232297816031232,1
175233954222178304,1
175236863299158016,1
175242652323676160,1
175243368643690496,1
175248844223676416,1
175250987043258368,1
175253593228574720,1
175257682167463936,1
175258620529737728,1
175259216443867136,1
175263875174760448,1
175265539843686400,1
175267191522852864,1
175271867911766016,1
175276019014434816,1
175285357292552192,1
175286140218114048,1
175287556085121024,1
175291744626147328,1
175298634764517376,1
175305144672452608,1
175307658872487936,1
175323711295979520,1
175325082892107776,1
175326020788813824,1
175330661396119552,1
175370793901883392,1
175382138575650816,1
175384783264677888,1
175386578942689280,1
175392963889725440,1
175393153258356736,1
175403517547118592,1
175404674390687744,1
175407011754672128,1
175407418069483520,1
175413998202650624,1
175418166829121536,1
175433084508831744,1
175440657316315136,1
175441647604072448,1
175448217238896640,1
175449665402044416,1
175455755074273280,1
175459565725286400,1
175460556801572864,1
175464978126471168,1
175469108102430720,1
175471214557396992,1
175476621082361856,1
175477681465327616,1
175478385273733120,1
175480101289328640,1
175481288487075840,1
175485823297257472,1
175492060273442816,1
175498093150601216,1
175498999610998784,1
175500818802278400,1
175501361834622976,1
175504097468743680,1
175512000514752512,1
175513030233161728,1
175514326080159744,1
175524569610715136,1
175525784784470016,1
175528057992380416,1
175531772753215488,1
175531924276641792,1
175536229041831936,1
175536319282282496,1
175536797860757504,1
175543422701010944,1
175545561951240192,1
175547413388328960,1
175550640695541760,1
175557845587066880,1
175560320247398400,1
175563505431216128,1
175565770279878656,1
175566395013070848,1
175570803541147648,1
175573453779238912,1
175582681629720576,1
175584938425319424,1
175585023112511488,1
175588211295256576,1
175589042253987840,1
175592561518313472,1
175595958870999040,1
175596271866740736,1
175600242127798272,1
175601934391050240,1
175602925869989888,1
175602991246606336,1
175609011981254656,1
175609936728817664,1
175611113235283968,1
175614219712987136,1
175616567373987840,1
175619225304432640,1
175621506104033280,1
175624284373254144,1
175625069999947776,1
175627131504558080,1
175631185504894976,1
175637237940092928,1
175638611801145344,1
175639465513975808,1
175640117199765504,1
175642334757650432,1
175644397365362688,1
175649748215136256,1
175649982467014656,1
175655956879769600,1
175657545468215296,1
175657557161934848,1
175659197898162176,1
175676328719155200,1
175677665167015936,1
175682885397774336,1
175689699577298944,1
175696663304732672,1
175707627790008320,1
175711284304543744,1
175724780928892928,1
175770506694230016,1
175776932539924480,1
175779596396920832,1
175783266723299328,1
175805435234746368,1
175814821495701504,1
175824876513263616,1
175829478130319360,1
175830301262479360,1
175847229569892352,1
175851608540708864,1
175866069917892608,1
175866527000559616,1
175870802258821120,1
175875181762314240,1
175878264277958656,1
175890315285102592,1
175895392007749632,1
175909176935972864,1
175916367097102336,1
175929698616868864,1
175933904870440960,1
175935183499821056,1
175937019497676800,1
175944727445635072,1
175947645800415232,1
175953427572981760,1
175954103346659328,1
175955032535990272,1
175958691223175168,1
175959573104951296,1
175959633440014336,1
175960759065378816,1
175961107167444992,1
175964938722869248,1
175965436863578112,1
175966397560520704,1
175967181756956672,1
175968335911976960,1
175968924364439552,1
175974722998108160,1
175975149101645824,1
175979378964955136,1
175989777311465472,1
175992143683256320,1
175992330044571648,1
175992578875850752,1
175993628492038144,1
176011650904621056,1
176011752830402560,1
176014578247794688,1
176024481058258944,1
176030763546836992,1
176038121052307456,1
176162264494112768,1
176175005665591296,1
176191572986036224,1
176196470737731584,1
176203709234020352,1
176206180744429568,1
176227209604759552,1
176230556986507264,1
176232042831282176,1
176237219126706176,1
176241728355827712,1
176277229829881856,1
176282886683492352,1
176296701533880320,1
176301984263962624,1
176306348974145536,1
176308995085041664,1
176319683429924864,1
176324699263860736,1
176332344171429888,1
176335793407655936,1
176340974648164352,1
176343925324251136,1
176346151199440896,1
176370746736508928,1
176373457804591104,1
176387392465272832,1
176388077055377408,1
176393042679300096,1
176397133711147008,1
176424656432005120,1
176481762006794240,1
176490397395058688,1
176503711084838912,1
176513597369745408,1
176529487624667136,1
176530067558498304,1
176560732945514496,1
176569232740319232,1
176576394355015680,1
176579089153392640,1
176595513641009152,1
176603364077862912,1
176607327296684032,1
176608171836571648,1
176615334948634624,1
176653767842725888,1
176656524406423552,1
176675935607586816,1
176681589667790848,1
176686358100705280,1
176695601340088320,1
176708041792552960,1
176710248097120256,1
176711237860589568,1
176714709477621760,1
176723605005008896,1
176724880639655936,1
176726661113315328,1
176758416381837312,1
176849159435845632,1
176858892930646016,1
176877206369206272,1
176886787224895488,1
176902727845019648,1
176903125821554688,1
176922000025976832,1
176947338189733888,1
176950754945269760,1
176953113234636800,1
176959614598774784,1
176963693274202112,1
176990710006808576,1
177003987004817408,1
177005562116964352,1
177006205267345408,1
177020997583503360,1
177021716147470336,1
177028671280775168,1
177036590005092352,1
177048389567905792,1
177048438737731584,1
177060120167972864,1
177075102871977984,1
177076233635364864,1
177083925191983104,1
177095723853021184,1
177122708176240640,1
177128544025968640,1
177177253308792832,1
177189733070274560,1
177194260527841280,1
177211205075599360,1
177217118524145664,1
177228620618530816,1
177233357841629184,1
177234845091495936,1
177241681697964032,1
177247796317913088,1
177248236145213440,1
177257446547390464,1
177261017057722368,1
177268020954005504,1
177284770282078208,1
177301095515684864,1
177332663156211712,1
177337610379722752,1
177339497896214528,1
177352918301671424,1
177357711573254144,1
177372011264212992,1
177378475089330176,1
177387778345009152,1
177388374024257536,1
177403588845240320,1
177404483611918336,1
177404731742748672,1
177408994812362752,1
177414636113494016,1
177418035278118912,1
177422545379655680,1
177424962401861632,1
177437216828555264,1
177440903827292160,1
177456543485132800,1
177463099991785472,1
177469363287228416,1
177475330905210880,1
177481905854218240,1
177490591955812352,1
177514403665543168,1
177630351244394496,1
177642546900500480,1
177660768995508224,1
177662692511711232,1
177667163732049920,1
177678665486696448,1
177686207969361920,1
177687150542716928,1
177696017750163456,1
177698265003720704,1
177699582619156480,1
177713837087129600,1
177715896662360064,1
177731266454487040,1
177733129308471296,1
177741055154716672,1
177743008546947072,1
177748840655355904,1
177749970084954112,1
177752321885732864,1
177753579015110656,1
177762735616950272,1
177769717056929792,1
177770232490754048,1
177775652273913856,1
177798620538470400,1
177804303258353664,1
177806128992747520,1
177849045266464768,1
177849609698148352,1
177860838491684864,1
177874366967578624,1
177937503188156416,1
177949030641303552,1
177951990238674944,1
177954081455734784,1
177964579941253120,1
177998017926791168,1
178009221642584064,1
178016054524510208,1
178024856233705472,1
178033321450668032,1
178039023388852224,1
178039524771758080,1
178050325939224576,1
178058758306398208,1
178080405386166272,1
178125801592455168,1
178140471061643264,1
178153765692506112,1
178159633792237568,1
178168017841029120,1
178172058818052096,1
178179791235579904,1
178183686666059776,1
178304793410797568,1
178309464103845888,1
178330700045352960,1
178335502699593728,1
178346986401955840,1
178354216773877760,1
178354624380534784,1
178357646439481344,1
178374014157193216,1
178380975003140096,1
178382883214327808,1
178399745859911680,1
178404705670529024,1
178407394202615808,1
178412550600261632,1
178422866415452160,1
178426186848796672,1
178427879435010048,1
178440272928047104,1
178461197849329664,1
178486482246303744,1
178495301420580864,1
178498410570055680,1
178508803283615744,1
178521231438381056,1
178527030730555392,1
178530154757226496,1
178532114948423680,1
178550085653626880,1
178555046688980992,1
178572064980992000,1
178577283789881344,1
178663148843171840,1
178665865938468864,1
178674198221160448,1
178678271557238784,1
178696035613278208,1
178718598582239232,1
178719428219764736,1
178726296799412224,1
178739153238753280,1
178741184951222272,1
178744868120559616,1
178747651750100992,1
178758487180836864,1
178765269492039680,1
178765491853066240,1
178772629841248256,1
178784010443423744,1
178788470397861888,1
178798277519474688,1
178801801284288512,1
178810493425680384,1
178814057933963264,1
178830469750587392,1
178842359390273536,1
178843288999034880,1
178843433379561472,1
178854938980384768,1
178859423295340544,1
178876972783370240,1
178879481719554048,1
178883281708646400,1
178885405075046400,1
178894780908961792,1
178895159444897792,1
178906385646354432,1
178907565302743040,1
178909525980479488,1
178933498936033280,1
178968359629488128,1
178999058394775552,1
179020416138870784,1
179022974366515200,1
179038971471331328,1
179042456275255296,1
179050852256841728,1
179054879522684928,1
179056068402348032,1
179071164176400384,1
179071170916646912,1
179079003611594752,1
179120299160109056,1
179130742415032320,1
179133551411724288,1
179136738810134528,1
179150303755501568,1
179157944070307840,1
179161884702801920,1
179162103750328320,1
179164955147239424,1
179174264052645888,1
179177817899008000,1
179179258361413632,1
179187921557913600,1
179202502279823360,1
179205921887485952,1
179210848881868800,1
179238249191964672,1
179252723256918016,1
179257889817362432,1
179268987064942592,1
179269376753532928,1
179284660147191808,1
179364531082887168,1
179366878240571392,1
179406749000794112,1
179416427525046272,1
179421916388392960,1
179423245454278656,1
179432960364118016,1
179465573887901696,1
179475419798437888,1
179493149264052224,1
179499956057407488,1
179507337743040512,1
179510924372082688,1
179520168924282880,1
179529478593052672,1
179537173907767296,1
179547085039730688,1
179549106379685888,1
179562258404212736,1
179572365632471040,1
179572519437598720,1
179578514146590720,1
179578899158532096,1
179582414312439808,1
179604723089801216,1
179605755832303616,1
179611407338176512,1
179612280206393344,1
179706412329336832,1
179751763014844416,1
179785772960841728,1
179789885236838400,1
179812454719553536,1
179815094597713920,1
179825859396370432,1
179831213396066304,1
179835949818052608,1
179861214380163072,1
179861410816196608,1
179874106856964096,1
179905399808327680,1
179923614290673664,1
179927114957455360,1
179943404312985600,1
179974455613718528,1
179974772514357248,1
179987342776336384,1
180005489021550592,1
180006371461169152,1
180037955925049344,1
180046139972648960,1
180054683790868480,1
180100254345986048,1
180143640960565248,1
180188474945568768,1
180192547472146432,1
180204614858047488,1
180221588677853184,1
180224350710923264,1
180259101048045568,1
180272296596865024,1
180280694549774336,1
180281475235577856,1
180285686614589440,1
180290837748383744,1
180297009280843776,1
180297040847175680,1
180302009302253568,1
180307073488125952,1
180309496961171456,1
180330614845603840,1
180334307926081536,1
180345860448583680,1
180356910334083072,1
180371532776734720,1
180377641809870848,1
180504775589101568,1
180518014653825024,1
180539625318645760,1
180540811069358080,1
180546650672988160,1
180564996181196800,1
180570514635358208,1
180571544160829440,1
180592775870283776,1
180595326422351872,1
180596466090246144,1
180602907605860352,1
180611610690191360,1
180614168427102208,1
180619571508543488,1
180624394610016256,1
180644312369856512,1
180650408299986944,1
180651046022938624,1
180654540708642816,1
180657110328016896,1
180666562615705600,1
180668583985020928,1
180675506524389376,1
180680964169531392,1
180688127617138688,1
180694745763282944,1
180704752726704128,1
180705443792814080,1
180723967986761728,1
180729257893298176,1
180812550525419520,1
180857391884009472,1
180895887625551872,1
180902831375515648,1
180936539570700288,1
180959289437847552,1
180965397648900096,1
180967764544978944,1
180986524718858240,1
180989010842222592,1
180999675246018560,1
181004857300221952,1
181016524658573312,1
181017568448872448,1
181020015410020352,1
181038699662802944,1
181060661302788096,1
181081392990687232,1
181093071830872064,1
181094352138956800,1
181102433654935552,1
181105380494069760,1
181123368504619008,1
181165831090597888,1
181177435905662976,1
181208308971843584,1
181307006366887936,1
181315808474439680,1
181329832493412352,1
181332067368873984,1
181334586010640384,1
181337817555922944,1
181358537677946880,1
181361811710205952,1
181365629847904256,1
181369745832996864,1
181371125226246144,1
181380023687057408,1
181381546797838336,1
181383153515667456,1
181384118058512384,1
181411631374667776,1
181412537857552384,1
181414345106452480,1
181415064478572544,1
181421182740062208,1
181451107725398016,1
181457446108766208,1
181457765554167808,1
181458383266193408,1
181504232644214784,1
181563177748582400,1
181615072468914176,1
181616536289873920,1
181678440997519360,1
181690061564387328,1
181693021078249472,1
181704110271541248,1
181710985814978560,1
181721503728857088,1
181739305885401088,1
181741242019422208,1
181752552920539136,1
181758610865848320,1
181764919431397376,1
181765544857014272,1
181766223759536128,1
181773047435935744,1
181783591585923072,1
181802636868423680,1
181814148810080256,1
181823307983220736,1
181841387491516416,1
181861236953219072,1
181877458326339584,1
181941584247209984,1
181953683539869696,1
181984756247851008,1
181997467401682944,1
182008889106071552,1
182010327588675584,1
182043252214661120,1
182044721711054848,1
182047514014691328,1
182057064937160704,1
182096903498739712,1
182156530654343168,1
182157344135557120,1
182172426195927040,1
182178141419859968,1
182189124634431488,1
182196738387042304,1
182283963640696832,1
182323013085007872,1
182331663346970624,1
182335730350538752,1
182370227179810816,1
182381674050756608,1
182387633893347328,1
182409869637341184,1
182423942755282944,1
182459055344148480,1
182460123772719104,1
182464196812128256,1
182467376896876544,1
182468983359619072,1
182470744772878336,1
182473293492211712,1
182479028284469248,1
182479530640879616,1
182499301466976256,1
182502918720077824,1
182504992738250752,1
182506620172922880,1
182548920858542080,1
182564726093099008,1
182580263979454464,1
182602008071827456,1
182640430938537984,1
182685154563907584,1
182691131886120960,1
182691390461169664,1
182691769290350592,1
182696836377792512,1
182724402759020544,1
182737058656509952,1
182756663319040000,1
182783026368503808,1
182787548318638080,1
182818337049698304,1
182826360919326720,1
182832512473911296,1
182838733549756416,1
182865536201596928,1
182869370667360256,1
182875963013713920,1
182887641083060224,1
182890225363320832,1
182898733335736320,1
182905440791543808,1
183040358956756992,1
183045498478268416,1
183113435755753472,1
183124826052636672,1
183125914408386560,1
183127123402174464,1
183127301412925440,1
183195689061486592,1
183199514844422144,1
183224533779963904,1
183230894609825792,1
183231126138966016,1
183234111634079744,1
183234155334549504,1
183234182311817216,1
183237789219012608,1
183273854663000064,1
183289883361755136,1
183364962973339648,1
183366235058315264,1
183368016612712448,1
183396814860021760,1
183478803746656256,1
183490758794051584,1
183492077523054592,1
183514719506141184,1
183538748916731904,1
183539733718183936,1
183553033261682688,1
183558140932427776,1
183578055426478080,1
183581846679060480,1
183582206175358976,1
183601296611147776,1
183616953311199232,1
183626685857234944,1
183633748811042816,1
183666257986818048,1
183668027104182272,1
183718826714714112,1
183729294048542720,1
183771314664771584,1
183791543132262400,1
183852049777545216,1
183858410353917952,1
183874878099742720,1
183897005648150528,1
183907242240851968,1
183909415639236608,1
183938828214898688,1
183967045759111168,1
183989427975819264,1
184025251359850496,1
184103131313975296,1
184147638601605120,1
184148225510178816,1
184157778746658816,1
184221112696885248,1
184280484123709440,1
184281672242548736,1
184298576786513920,1
184308590657257472,1
184309759323451392,1
184311113645948928,1
184328490734333952,1
184343942085341184,1
184354885633982464,1
184378931291701248,1
184400144409698304,1
184537172470136832,1
184539932985081856,1
184637058645286912,1
184656503927713792,1
184666156828925952,1
184687180409700352,1
184742118869733376,1
184764618914508800,1
184820482126962688,1
184855043306831872,1
184873618091749376,1
184892008854245376,1
184893090818240512,1
184941193140514816,1
184969679180582912,1
184977914479329280,1
184984819380350976,1
184985435559096320,1
184987098739359744,1
184998604378554368,1
185006819624189952,1
185019178562674688,1
185095858220822528,1
185105707415236608,1
185179902724120576,1
185204861030477824,1
185259499850268672,1
185269725024665600,1
185290888932487168,1
185316484970188800,1
185340222757548032,1
185346484529164288,1
185368051781709824,1
185371312229031936,1
185379783789875200,1
185391531170512896,1
185398363779899392,1
185422795026571264,1
185427689716924416,1
185455190676611072,1
185456941352697856,1
185573088586153984,1
185610177694879744,1
185620805040058368,1
185658280073105408,1
185662448469110784,1
185734233478144000,1
185740063155138560,1
185742223666819072,1
185749565220110336,1
185760782407356416,1
185764478923997184,1
185773644498280448,1
185780779647471616,1
185804527519338496,1
185865140078268416,1
185997099656187904,1
186020470339584000,1
186032955503853568,1
186097434538459136,1
186103498582921216,1
186111024311259136,1
186136226750054400,1
186140444836044800,1
186141165433528320,1
186149387140599808,1
186152069086965760,1
186189259701424128,1
186207110486487040,1
186260864720859136,1
186266868394352640,1
186278322591375360,1
186308220074082304,1
186330236782358528,1
186341179770490880,1
186392701399457792,1
186399566505725952,1
186400851491733504,1
186403772936740864,1
186410748615049216,1
186411812280061952,1
186412735344246784,1
186424484510113792,1
186441676331659264,1
186457650424373248,1
186460951313383424,1
186469385363447808,1
186494581437452288,1
186508860178276352,1
186572214891593728,1
186626198131220480,1
186641360277508096,1
186699778190032896,1
186737788666392576,1
186743901742252032,1
186752458830446592,1
186754981113405440,1
186761327067529216,1
186764443300319232,1
186792645794742272,1
186796374053789696,1
186809865968263168,1
186847275592241152,1
186848434787516416,1
186880998298923008,1
186893917414223872,1
186933775842549760,1
186949063912374272,1
186979819504836608,1
187005011888316416,1
187010271178166272,1
187023903825403904,1
187027587930587136,1
187035936739745792,1
187038716701253632,1
187041012978503680,1
187048698928918528,1
187060787672891392,1
187088832086114304,1
187095496820289536,1
187100538218782720,1
187105278278066176,1
187125489205002240,1
187128163787636736,1
187130240283451392,1
187146952432222208,1
187151172129144832,1
187166325822263296,1
187167732199407616,1
187173896104218624,1
187183586728669184,1
187185780248961024,1
187192662395318272,1
187196154974289920,1
187200093566648320,1
187202573571735552,1
187218395546775552,1
187232330298068992,1
187239421462122496,1
187254491785760768,1
187255224109772800,1
187271634570682368,1
187345231016550400,1
187363783089700864,1
187405218284077056,1
187419655776260096,1
187424913964027904,1
187457907764330496,1
187465148695642112,1
187480766104539136,1
187488176981262336,1
187491448725311488,1
187496677119254528,1
187498766962216960,1
187498999191334912,1
187504093443698688,1
187512494115352576,1
187558682808672256,1
187581403410587648,1
187600692742389760,1
187608920172294144,1
187613298146226176,1
187754673873031168,1
187815651970813952,1
187868586563051520,1
187890297836568576,1
187891701215719424,1
187896970467721216,1
187905394003877888,1
187914310642413568,1
187923085489315840,1
187928564649897984,1
187930789506920448,1
187974292131053568,1
187980881755488256,1
187982448604504064,1
188099743357874176,1
188131497617760256,1
188131606327631872,1
188162482915610624,1
188181780638277632,1
188260389090979840,1
188263299606601728,1
188293470906642432,1
188306428853997568,1
188319448055824384,1
188355463383855104,1
188401612862185472,1
188455782980022272,1
188489366608498688,1
188500942797766656,1
188517098024861696,1
188538231456526336,1
188548793791123456,1
188585607585992704,1
188597006915092480,1
188605916804546560,1
188667188100452352,1
188705165652783104,1
188809173144989696,1
188850417346347008,1
188906334454751232,1
188978819060985856,1
188994863800774656,1
189028800949080064,1
189046635853901824,1
189054172088389632,1
189056007997812736,1
189100375845896192,1
189175988109524992,1
189256801567416320,1
189272085480099840,1
189314657179545600,1
189341805407502336,1
189360116284010496,1
189364734493577216,1
189365503382298624,1
189375578567372800,1
189395643666739200,1
189405962371510272,1
189411993376350208,1
189423779554664448,1
189459353046802432,1
189469704585400320,1
189586878658441216,1
189616864339787776,1
189632868676194304,1
189644835437969408,1
189647978146639872,1
189652181487947776,1
189655762159050752,1
189672597805330432,1
189679339995361280,1
189695434302312448,1
189739325411762176,1
189742156030316544,1
189750365496385536,1
189756177775267840,1
189768880119459840,1
189814590815211520,1
189935026458570752,1
190009870262169600,1
190019833904848896,1
190031995400728576,1
190036362099019776,1
190064864213856256,1
190078856049692672,1
190079908950646784,1
190084859185065984,1
190095054032736256,1
190106351033180160,1
190140707457339392,1
190163443389566976,1
190317698009509888,1
190395805994385408,1
190416118410919936,1
190424718059642880,1
190474258035200000,1
190482943944581120,1
190495748103020544,1
190503837320581120,1
190532852503728128,1
190663684891721728,1
190716195048075264,1
190731982135631872,1
190749925389774848,1
190755642626863104,1
190793388785364992,1
190793532676476928,1
190826996487938048,1
190842361391951872,1
190843714068250624,1
190845058982924288,1
190845258166845440,1
190868861290856448,1
190871363097972736,1
190884913793105920,1
191069966052241408,1
191077152340070400,1
191108136130502656,1
191115232107102208,1
191118465800806400,1
191147259675430912,1
191149461776420864,1
191165838200815616,1
191190292687679488,1
191203134464626688,1
191203917269577728,1
191232071400652800,1
191267227377532928,1
191423425968758784,1
191424308643610624,1
191456612276166656,1
191484549018906624,1
191567415316176896,1
191782447344422912,1
191810638729904128,1
191827163536695296,1
191853038136590336,1
191870118029623296,1
191911708091699200,1
191917086137266176,1
191942554181459968,1
191993978453278720,1
192050721551286272,1
192097161859612672,1
192112952847138816,1
192223664105799680,1
192233451440283648,1
192240915678400512,1
192254278537408512,1
192272725311782912,1
192282535130112000,1
192289900014088192,1
192505125914857472,1
192512756988133376,1
192519536674807808,1
192533290941820928,1
192551860978102272,1
192563025476952064,1
192569662165397504,1
192571356300967936,1
192597110181834752,1
192629467224047616,1
192636501582778368,1
192741158637666304,1
192807395699830784,1
192836854113837056,1
192871222363729920,1
192887710143078400,1
192955141592248320,1
192973712217444352,1
192987743014379520,1
193069248300158976,1
193082965899857920,1
193154453137883136,1
193174085913948160,1
193185419078270976,1
193186071438659584,1
193200186077442048,1
193227575328755712,1
193243291407998976,1
193248289798193152,1
193298463088472064,1
193343576121053184,1
193362286819622912,1
193362827147980800,1
193539185233166336,1
193549645049507840,1
193618313629532160,1
193670260056309760,1
193671650022096896,1
193685783888666624,1
193686461688479744,1
193718515236999168,1
193737149504868352,1
193742168956760064,1
193752301829222400,1
193844524017680384,1
193907660448931840,1
193945309715668992,1
193948515885752320,1
193954493616635904,1
193966429695422464,1
193975056971022336,1
193984393111986176,1
193993638155706368,1
194011897435328512,1
194036728253276160,1
194037230962577408,1
194046030699900928,1
194064445255237632,1
194085014791364608,1
194099343369154560,1
194108824364945408,1
194112315804946432,1
194267699660374016,1
194329246855835648,1
194358294274654208,1
194371716146507776,1
194399409724383232,1
194414359848480768,1
194433981280546816,1
194434514545909760,1
194435017120296960,1
194457376584966144,1
194459561418240000,1
194473892428124160,1
194503097830453248,1
194520618838847488,1
194601534559727616,1
194610295340396544,1
194644171784470528,1
194689132872986624,1
194694331282874368,1
194733750159544320,1
194734792551190528,1
194753301261787136,1
194775200344100864,1
194784555283537920,1
194796501318991872,1
194802768635101184,1
194821783249227776,1
194920858036244480,1
194996119140798464,1
194998494462955520,1
195003608549318656,1
195030825650393088,1
195080949807697920,1
195123379926491136,1
195137716239568896,1
195152417327992832,1
195154159747952640,1
195154991022284800,1
195178395303276544,1
195202200934936576,1
195204591052038144,1
195205803531972608,1
195393752768004096,1
195435707678126080,1
195451917822423040,1
195460257899634688,1
195477594920701952,1
195485669306441728,1
195586544068435968,1
195598147255500800,1
195648962982006784,1
195773723498704896,1
195824594330279936,1
195828663337734144,1
195830085547511808,1
195832636106321920,1
195850271152074752,1
195856475856920576,1
195875334171648000,1
195915055374024704,1
195919297946152960,1
195923764522491904,1
195934080577667072,1
195941662151385088,1
196088936815812608,1
196122748866056192,1
196165927305895936,1
196174600563736576,1
196178776259829760,1
196184580216008704,1
196242528413253632,1
196242547259727872,1
196254949420507136,1
196311413650825216,1
196350521265774592,1
196481332699983872,1
196501782199418880,1
196515254808522752,1
196554066047016960,1
196555552209149952,1
196560621235703808,1
196576135229853696,1
196583547036483584,1
196587188674523136,1
196671582946648064,1
196785451598835712,1
196820604800311296,1
196920685036679168,1
196923404084256768,1
196936953311084544,1
196947208721473536,1
196957248185384960,1
196963777956605952,1
196999329703608320,1
197008248903655424,1
197021243063427072,1
197114818737745920,1
197228275082551296,1
197263767048130560,1
197271027364696064,1
197343797495771136,1
197360337441665024,1
197415521197645824,1
197497536932192256,1
197627055495446528,1
197645622790557696,1
197671496705400832,1
197675613416062976,1
197689241961660416,1
197694014463729664,1
197697239842258944,1
197703853891104768,1
197712731896500224,1
197760052833943552,1
197914329569955840,1
197962641599840256,1
198009547024535552,1
198042047492431872,1
198042666807726080,1
198051810250584064,1
198062768131448832,1
198063631233867776,1
198066071064666112,1
198072314565455872,1
198230317652369408,1
198345944618725376,1
198367189382340608,1
198424116123242496,1
198452879927418880,1
198603542597554176,1
198652456184029184,1
198682093106966528,1
198699487755341824,1
198712460754669568,1
198723942861086720,1
198770252638396416,1
198809635684880384,1
198810254151897088,1
198851749577191424,1
198966110352543744,1
198982396644950016,1
199019491189542912,1
199058326558253056,1
199065297220820992,1
199116575709761536,1
199140393955586048,1
199209376401833984,1
199211983926890496,1
199221617962147840,1
199335071935451136,1
199360022532861952,1
199374108730634240,1
199421387105402880,1
199439319938875392,1
199439461486501888,1
199439869355192320,1
199456232696401920,1
199460653586468864,1
199473034169573376,1
199517583607083008,1
199543381553864704,1
199664166419042304,1
199711434280681472,1
199775232542679040,1
199778430080303104,1
199797386842750976,1
199800065344909312,1
199805559487389696,1
199831136265928704,1
199833310644707328,1
199853690066526208,1
199856210598109184,1
199935220845944832,1
200152043185426432,1
200245142008131584,1
200252084198707200,1
200258965517168640,1
200276255438471168,1
200404079135387648,1
200529431317753856,1
200600802690125824,1
200670656418598912,1
200746994780938240,1
200854643155759104,1
200868133044056064,1
200891951790645248,1
200949412172132352,1
200982096399310848,1
201016858818772992,1
201071788017745920,1
201136432285495296,1
201241136332980224,1
201244039551442944,1
201259505567719424,1
201292673084956672,1
201305026689835008,1
201311038842335232,1
201334744411320320,1
201358883403890688,1
201401978126139392,1
201494358642188288,1
201511197758418944,1
201572016161726464,1
201610996897632256,1
201648823867346944,1
201677491457826816,1
201723902884347904,1
201730513986732032,1
201748276687421440,1
201782935090204672,1
201784843297931264,1
201848813910032384,1
201856986111234048,1
201905330081103872,1
201937300435726336,1
202023812729692160,1
202040885436669952,1
202052070581727232,1
202075423423303680,1
202084305039282176,1
202091556045242368,1
202096639769452544,1
202109980514856960,1
202118213623386112,1
202168536239566848,1
202277433629679616,1
202302060713848832,1
202336756354748416,1
202344304005402624,1
202374911950934016,1
202398546696794112,1
202414186595532800,1
202447197738012672,1
202459231512584192,1
202499325318332416,1
202561459063840768,1
202607933802901504,1
202623854606635008,1
202639619184340992,1
202658506767634432,1
202660469654077440,1
202664897548906496,1
202673284457099264,1
202694787741614080,1
202717534910861312,1
202720161484283904,1
202776333611372544,1
202802053021532160,1
202826400950677504,1
202837581702111232,1
202844069071622144,1
202849006740168704,1
202951404122308608,1
202983693697662976,1
203003309186949120,1
203006276986028032,1
203025693403852800,1
203026420502429696,1
203037627040112640,1
203066672000815104,1
203070122376073216,1
203154709437878272,1
203172115833868288,1
203303871977201664,1
203317168805666816,1
203333600067940352,1
203373194436788224,1
203385679675428864,1
203387513844350976,1
203403206063968256,1
203408062621597696,1
203442903015251968,1
203453220450742272,1
203462223737991168,1
203488231600328704,1
203495019973496832,1
203498993013460992,1
203500969401311232,1
203501800437747712,1
203502830696267776,1
203508889536344064,1
203557152392835072,1
203594222576967680,1
203712878205460480,1
203739219921924096,1
203755508413206528,1
203758129188483072,1
203761342733746176,1
203767389661536256,1
203799110344294400,1
203801295754072064,1
203806821564674048,1
203832264467025920,1
203835537462779904,1
203852305368539136,1
203855549363482624,1
203938685745442816,1
204064162478940160,1
204082438308290560,1
204089450127130624,1
204111692364066816,1
204134711857602560,1
204137604011933696,1
204173432443146240,1
204186933926248448,1
204198689628676096,1
204205937779990528,1
204210226618482688,1
204225093615517696,1
204228655779311616,1
204231155591036928,1
204236603446931456,1
204241906403635200,1
204260333360738304,1
204271402520993792,1
204297118282797056,1
204448798147837952,1
204458958170697728,1
204460070585167872,1
204511125869666304,1
204511695166164992,1
204521125705646080,1
204529404633403392,1
204546265807364096,1
204550563398422528,1
204593112619540480,1
204619031541018624,1
204619486934302720,1
204625574979756032,1
204778724202168320,1
204783224513679360,1
204786477998256128,1
204820555691040768,1
204860901430013952,1
204874051848970240,1
204909882762059776,1
204928965985935360,1
204942881095831552,1
204954025816309760,1
204968498940424192,1
204973014621700096,1
204996715133493248,1
205015538712285184,1
205141102622535680,1
205168818167799808,1
205220801696567296,1
205222252720844800,1
205223210696372224,1
205232087657451520,1
205243829513809920,1
205258867268206592,1
205264788222906368,1
205264817728933888,1
205275420304470016,1
205279095758823424,1
205303075075182592,1
205306400529756160,1
205310054612504576,1
205329982257123328,1
205336705849442304,1
205338811677249536,1
205350514803556352,1
205361971694559232,1
205368337597415424,1
205381948157218816,1
205384276720037888,1
205409024221548544,1
205526070660898816,1
205556813743403008,1
205566973465894912,1
205570290228703232,1
205571806703480832,1
205580741039460352,1
205582587315204096,1
205593060188827648,1
205593602911457280,1
205595777328312320,1
205635519038320640,1
205680682385313792,1
205698703767339008,1
205705701827719168,1
205749908337410048,1
205918951285014528,1
205919573023641600,1
205921837431242752,1
205935261109927936,1
205974678485864448,1
205975174412517376,1
206006475718488064,1
206062680420364288,1
206070023754661888,1
206081884889628672,1
206083251382870016,1
206089746273689600,1
206106861036044288,1
206216382603145216,1
206252921514110976,1
206257415617908736,1
206265253790826496,1
206275184143478784,1
206291230638309376,1
206303374570803200,1
206346906998743040,1
206356442191364096,1
206362531634384896,1
206367503172960256,1
206372596878028800,1
206379401283670016,1
206383532166066176,1
206386553507667968,1
206394644629221376,1
206394810888884224,1
206398661842104320,1
206399292362199040,1
206410391795838976,1
206416320707248128,1
206435133170716672,1
206440723550781440,1
206442733460582400,1
206449807053934592,1
206474751221514240,1
206540432068075520,1
206549117966753792,1
206600788236673024,1
206605191017914368,1
206612623313301504,1
206642628722073600,1
206648234543308800,1
206651302551396352,1
206653515648782336,1
206658038423097344,1
206664108613578752,1
206665154177863680,1
206665583544397824,1
206666724303790080,1
206672148298788864,1
206710393955311616,1
206726230314508288,1
206746417640726528,1
206751472321536000,1
206767217448284160,1
206782600393342976,1
206784639893389312,1
206787199363973120,1
206801448527020032,1
206819813807927296,1
206957577021947904,1
206971461583069184,1
206987149512437760,1
207001388554850304,1
207015515827372032,1
207022565956927488,1
207046213828743168,1
207066785599541248,1
207075316163387392,1
207090025942507520,1
207101130272935936,1
207119070436102144,1
207119474507788288,1
207126382407991296,1
207129047880785920,1
207169050795868160,1
207169381461278720,1
207176293508747264,1
207205926011224064,1
207210186555809792,1
207301845930176512,1
207389081291378688,1
207412878668640256,1
207420071752019968,1
207439109751418880,1
207442096905617408,1
207490283058475008,1
207492553114599424,1
207500525399982080,1
207510093845381120,1
207515634404708352,1
207518008615989248,1
207555404797775872,1
207605623323734016,1
207659690143670272,1
207682189067124736,1
207683426054696960,1
207699710256267264,1
207704268006768640,1
207720748142813184,1
207734066888179712,1
207743100776480768,1
207754802645544960,1
207761343964434432,1
207772829433896960,1
207784133060882432,1
207815634105065472,1
207818757703454720,1
207823157464354816,1
207826010033459200,1
207829794733993984,1
207829827116019712,1
207854363801436160,1
207858648973099008,1
207881635072200704,1
207911714311114752,1
207962176778096640,1
208023424656130048,1
208025566051061760,1
208034907557392384,1
208076300981735424,1
208091508369899520,1
208119083051155456,1
208119758521253888,1
208122379276316672,1
208130596754059264,1
208139583143321600,1
208149431430512640,1
208155513860730880,1
208159256029577216,1
208162463072194560,1
208193544538587136,1
208195788344619008,1
208203725629267968,1
208206674878242816,1
208208613124972544,1
208216826467463168,1
208229618522132480,1
208231682375753728,1
208233009048395776,1
208357411912413184,1
208403670125465600,1
208418025819897856,1
208437363183108096,1
208441356918128640,1
208445732682252288,1
208454356160987136,1
208465335734796288,1
208492210791149568,1
208524049462423552,1
208528681800540160,1
208543372287119360,1
208562964660097024,1
208569285628080128,1
208590204393525248,1
208622101512613888,1
208711111082901504,1
208741659389452288,1
208768085111336960,1
208790010534281216,1
208798481844760576,1
208813071191646208,1
208826808079888384,1
208837388016898048,1
208851974352457728,1
208860428296613888,1
208863712512499712,1
208864105391460352,1
208868187756011520,1
208878257030864896,1
208892824437747712,1
208926797061677056,1
208934308259024896,1
208959124440346624,1
208959993768284160,1
208961996791140352,1
208965312386351104,1
208980504685015040,1
209152017465704448,1
209171913839022080,1
209181500872122368,1
209212586544939008,1
209245658561662976,1
209247784444133376,1
209253637087690752,1
209266869812641792,1
209271696530964480,1
209278566569099264,1
209279056138358784,1
209297971521851392,1
209308713608712192,1
209317183260573696,1
209323781469491200,1
209333890107568128,1
209334909508026368,1
209337949052018688,1
209346441415303168,1
209357787140964352,1
209392674907693056,1
209402456047747072,1
209425304255606784,1
209498052499009536,1
209530355500036096,1
209573919514972160,1
209578424464330752,1
209592587781046272,1
209596913382834176,1
209598418085257216,1
209620090421649408,1
209620096822714368,1
209651522587783168,1
209655972591366144,1
209666804815179776,1
209677395548123136,1
209686017726984192,1
209698125888180224,1
209718186177761280,1
209719779062714368,1
209728065989046272,1
209729103636455424,1
209779672046256128,1
209790408163930112,1
209857854508290048,1
209877111706050560,1
209902249530331136,1
209904025943920640,1
209915528475213824,1
209940204686393344,1
209945766266585088,1
209960869800243200,1
209971701779009536,1
209988117335351296,1
209989094301519872,1
209992847494447104,1
210002629800271872,1
210002977805590528,1
210004779466461184,1
210021799121448960,1
210025067204087808,1
210029300576038912,1
210044675123585024,1
210050535625572352,1
210051986037878784,1
210052805737185280,1
210053720980959232,1
210056952823271424,1
210075836749672448,1
210085860699525120,1
210135264479993856,1
210141181988896768,1
210181034073075712,1
210208303344455680,1
210232005465661440,1
210268161989242880,1
210272354321707008,1
210285681065074688,1
210287513034424320,1
210326758504013824,1
210358898177400832,1
210375463771500544,1
210386281162018816,1
210393529986064384,1
210395016250118144,1
210403050427822080,1
210406822096568320,1
210407731624894464,1
210431741072945152,1
210436124102180864,1
210441082356002816,1
210549177077796864,1
210551873374441472,1
210578388859727872,1
210613582349983744,1
210654136480919552,1
210657667309060096,1
210674214640009216,1
210686384405704704,1
210699538803277824,1
210706082214408192,1
210712830597701632,1
210723530390237184,1
210729454577205248,1
210752511907360768,1
210777513276104704,1
210778833093107712,1
210782650691784704,1
210788850338615296,1
210802856711249920,1
210870383644696576,1
210951853298368512,1
210978213917577216,1
210990513946664960,1
211002584849051648,1
211010732869169152,1
211042223655309312,1
211069086042476544,1
211076542599483392,1
211089915619119104,1
211093219599220736,1
211097941794295808,1
211105043177648128,1
211113171770077184,1
211125457403523072,1
211137926855655424,1
211185383349538816,1
211217097276465152,1
211290642827870208,1
211340007344070656,1
211346985753645056,1
211356750639009792,1
211364383329861632,1
211367641669439488,1
211376898639327232,1
211376984008437760,1
211390434080661504,1
211396010039341056,1
211398086545756160,1
211402398369103872,1
211406483301470208,1
211407872970186752,1
211430494750412800,1
211439206605045760,1
211459163804303360,1
211478104621572096,1
211483133026091008,1
211493039838367744,1
211494805960892416,1
211507668836450304,1
211527259646586880,1
211530830903734272,1
211563674856824832,1
211584264468135936,1
211649131436068864,1
211657675334619136,1
211658237571768320,1
211676083442823168,1
211733348996358144,1
211771587702247424,1
211788322391506944,1
211794132247363584,1
211808991084351488,1
211813977968230400,1
211836978610388992,1
211837555813511168,1
211853311533068288,1
211854026059890688,1
211868805140770816,1
211875375095640064,1
211875674163974144,1
211878827369275392,1
211883565697593344,1
211906557943070720,1
212028552313053184,1
212070632912445440,1
212072475004370944,1
212076728379379712,1
212079488772333568,1
212082986582929408,1
212086813803237376,1
212091477126205440,1
212112545858801664,1
212114112551407616,1
212114644938469376,1
212129955222532096,1
212143360062742528,1
212178945192292352,1
212199380662845440,1
212209521905143808,1
212214392787275776,1
212220781669666816,1
212228428815241216,1
212232884705902592,1
212233300238569472,1
212253692527542272,1
212307288839233536,1
212322131982843904,1
212363653129363456,1
212363995924590592,1
212389086691336192,1
212404697411403776,1
212405820091437056,1
212417783631450112,1
212438466042269696,1
212439784593940480,1
212440233965203456,1
212456362727653376,1
212478458368368640,1
212481358940495872,1
212506379645276160,1
212517234660605952,1
212533060706291712,1
212535933342814208,1
212552333295493120,1
212558472312295424,1
212559251522068480,1
212575874574413824,1
212585739589222400,1
212589560104804352,1
212589899002474496,1
212596730842066944,1
212669148539514880,1
212788047787794432,1
212791329237630976,1
212824477512986624,1
212842442369437696,1
212859256664612864,1
212866944454696960,1
212868094105604096,1
212870404865093632,1
212871277197185024,1
212893339596410880,1
212905295904923648,1
212921078252355584,1
212929051042607104,1
212929382855397376,1
212933588697501696,1
212947259523411968,1
212955277747040256,1
212987888036413440,1
213009810426511360,1
213016847803219968,1
213177350090289152,1
213193082259427328,1
213201824532701184,1
213202068889485312,1
213213036531863552,1
213225133285048320,1
213240315318943744,1
213257132407320576,1
213257839790010368,1
213265371723124736,1
213267960157954048,1
213272743781396480,1
213277163758743552,1
213286310845468672,1
213300994578567168,1
213309178261319680,1
213311123236753408,1
213320141185679360,1
213322798525898752,1
213346025139646464,1
213353142366556160,1
213361107689418752,1
213410900546080768,1
213512761056989184,1
213514197827108864,1
213531396047753216,1
213531826769829888,1
213551838652452864,1
213571866582966272,1
213592961750474752,1
213593566457151488,1
213604705448902656,1
213618429902471168,1
213618765920657408,1
213631726967754752,1
213636190228090880,1
213637416832028672,1
213647705736003584,1
213648080967786496,1
213656060248584192,1
213658106932740096,1
213658496320765952,1
213659690071805952,1
213666439646744576,1
213670619784704000,1
213686446078849024,1
213689554750423040,1
213691685495390208,1
213703777421762560,1
213735673516494848,1
213867616580169728,1
213887704518455296,1
213893985334325248,1
213914795569692672,1
213926081703587840,1
213926515134107648,1
213961799565504512,1
213968419647291392,1
213974601302138880,1
213982971448770560,1
213984874925563904,1
213993612540563456,1
213997183409434624,1
213998278425706496,1
214013120731623424,1
214016969381900288,1
214021820824535040,1
214026395674595328,1
214032366005944320,1
214033839931187200,1
214035991067963392,1
214041044475518976,1
214047228781473792,1
214058848810668032,1
214090494727921664,1
214198713111842816,1
214216060898185216,1
214266881519706112,1
214273749041348608,1
214303957393620992,1
214308670051438592,1
214308882289733632,1
214313493225619456,1
214314387392839680,1
214331050356498432,1
214360602071769088,1
214361354722459648,1
214368978486124544,1
214370264674770944,1
214387322371956736,1
214395472104468480,1
214423562823000064,1
214458103069691904,1
214476638012755968,1
214521033349771264,1
214526852695285760,1
214591665563529216,1
214594137822130176,1
214619651103924224,1
214628531617587200,1
214628549739507712,1
214639836056797184,1
214643227772682240,1
214644253846732800,1
214649284084789248,1
214659073859923968,1
214659484530855936,1
214665487065997312,1
214671533153341440,1
214672800121327616,1
214683529008553984,1
214704145496768512,1
214713196890333184,1
214728815755296768,1
214731610357575680,1
214738001548910592,1
214740135555788800,1
214765918348460032,1
214778192506748928,1
214788311546773504,1
214790700757954560,1
214798338656567296,1
214802448058277888,1
214805186755325952,1
214852706767540224,1
214880730386673664,1
214911301501763584,1
214926572165873664,1
214940379530821632,1
214945003886272512,1
214974702988083200,1
214980931514171392,1
215010968702062592,1
215028783451197440,1
215036244106104832,1
215048628227395584,1
215079383061909504,1
215080318229585920,1
215102655421243392,1
215112470205202432,1
215116912713396224,1
215120303018098688,1
215120308325122048,1
215120852750798848,1
215126869877723136,1
215127027448442880,1
215127833361715200,1
215144187933544448,1
215149032248496128,1
215154357240434688,1
215162309655724032,1
215169834399223808,1
215217372695928832,1
215270370084954112,1
215311159253778432,1
215311408760217600,1
215334911554154496,1
215350592317624320,1
215351761369710592,1
215361509784059904,1
215365872605462528,1
215366134693994496,1
215377070691278848,1
215399368884301824,1
215411978408525824,1
215419975876222976,1
215450830252437504,1
215459372865581056,1
215473434147155968,1
215480036362219520,1
215483136521162752,1
215501447204413440,1
215507895603970048,1
215523126829563904,1
215538730080305152,1
215568653902004224,1
215575775689752576,1
215618394216165376,1
215640517002231808,1
215685879193694208,1
215702419329581056,1
215703471710310400,1
215710915922427904,1
215722350797926400,1
215729803671056384,1
215737582791315456,1
215752780491055104,1
215757859148353536,1
215766699822489600,1
215770687511015424,1
215772677992648704,1
215774491890257920,1
215780450463682560,1
215780466451189760,1
215795213117779968,1
215805060612882432,1
215811570804674560,1
215811847367553024,1
215822450303361024,1
215823108853403648,1
215841014069624832,1
215841287098613760,1
215844684279336960,1
215851772451270656,1
215879981339078656,1
215896746808012800,1
216017507398504448,1
216022182928642048,1
216039508001132544,1
216074808673878016,1
216075623726784512,1
216096616182816768,1
216122348777381888,1
216132317277700096,1
216139383158079488,1
216140439238066176,1
216142810893176832,1
216157589638152192,1
216157990018236416,1
216160715092197376,1
216173089648476160,1
216190267688833024,1
216190396255539200,1
216192988256448512,1
216194734704099328,1
216195484860432384,1
216213676682895360,1
216236490413965312,1
216242049945432064,1
216258679956860928,1
216260087590244352,1
216261048847155200,1
216310052078854144,1
216317626145198080,1
216355458901712896,1
216372495080480768,1
216397127159488512,1
216401806233743360,1
216421221398224896,1
216423067036700672,1
216471874443517952,1
216482238795087872,1
216499492252110848,1
216505167626895360,1
216512649248972800,1
216525607327780864,1
216525662068944896,1
216529219328942080,1
216530231511728128,1
216536080859017216,1
216544702681038848,1
216552200192999424,1
216565573060587520,1
216571586284126208,1
216572307185229824,1
216577742091726848,1
216604112858304512,1
216613670176231424,1
216739221192282112,1
216743585678647296,1
216763132730212352,1
216778271977627648,1
216779932575875072,1
216802756956954624,1
216808465180205056,1
216810224184840192,1
216820068148682752,1
216820919985930240,1
216830061311213568,1
216833840064217088,1
216847850324238336,1
216874972162990080,1
216875168762236928,1
216892316082348032,1
216907350986158080,1
216915874035777536,1
216918820378226688,1
216921798334500864,1
217064691644452864,1
217066084329291776,1
217095714261549056,1
217098754825699328,1
217117913409736704,1
217125935563546624,1
217127573821407232,1
217137036835737600,1
217156477357711360,1
217189015813345280,1
217195052811595776,1
217195100445687808,1
217207149766336512,1
217222381631401984,1
217238714839941120,1
217246801348476928,1
217248653074800640,1
217252012910014464,1
217262478624493568,1
217275301123678208,1
217284733920657408,1
217285935194476544,1
217292871205101568,1
217293223198294016,1
217302128604934144,1
217304574322651136,1
217319231477407744,1
217324770792148992,1
217325558672805888,1
217336504866656256,1
217432519044694016,1
217437042825293824,1
217481825379917824,1
217488864269869056,1
217515513511055360,1
217518727066095616,1
217528092720508928,1
217530445490458624,1
217556037236596736,1
217572318543360000,1
217573883756433408,1
217574665181433856,1
217577422121390080,1
217584262408933376,1
217587582316462080,1
217614254052438016,1
217619352312045568,1
217623842240491520,1
217633073700294656,1
217639622836150272,1
217649298478972928,1
217651244575322112,1
217660223163420672,1
217673159147794432,1
217680943253983232,1
217744682525646848,1
217850361720807424,1
217852402456604672,1
217854091147902976,1
217862063333302272,1
217864428991639552,1
217880292514918400,1
217881757025517568,1
217904314338435072,1
217905282459750400,1
217908757398102016,1
217928951196733440,1
217938320957665280,1
217944033414574080,1
217949086007947264,1
217957246533365760,1
217965574307196928,1
217980512844193792,1
217981959498252288,1
217988236293775360,1
218001492440522752,1
218003954891755520,1
218006489097547776,1
218008371192774656,1
218011884954312704,1
218013885859110912,1
218014075569278976,1
218028722209513472,1
218036280172355584,1
218040121665859584,1
218040451786973184,1
218041589632655360,1
218052038877843456,1
218058066387505152,1
218130359485050880,1
218134789045215232,1
218176910005395456,1
218194421093629952,1
218210824593833984,1
218215641145917440,1
218222313630871552,1
218225121115115520,1
218225340819492864,1
218231863292858368,1
218238173876293632,1
218275573934829568,1
218278084095672320,1
218282356682366976,1
218290231869149184,1
218292071600402432,1
218302610691907584,1
218303727506706432,1
218308758183755776,1
218312772497022976,1
218317445269184512,1
218328147455299584,1
218330852108582912,1
218344048016592896,1
218353122048118784,1
218358616327962624,1
218359684020785152,1
218375442165821440,1
218381320629927936,1
218397580581281792,1
218404924378861568,1
218414846116900864,1
218417661554917376,1
218429666878291968,1
218442540383596544,1
218520839039500288,1
218524527146676224,1
218546741823741952,1
218574483934584832,1
218582209979416576,1
218585326322012160,1
218614742819807232,1
218622592168132608,1
218630826474033152,1
218633430916812800,1
218687973569458176,1
218691658259595264,1
218693675655864320,1
218695397488402432,1
218698241436082176,1
218708852391546880,1
218732489774981120,1
218747787114037248,1
218748721587523584,1
218749886998396928,1
218749920645865472,1
218757300472147968,1
218802407712731136,1
218806116517343232,1
218907062019051520,1
218943501166198784,1
218943904167030784,1
218979125270077440,1
219004590679752704,1
219005838943154176,1
219037120681828352,1
219047447836532736,1
219053473172766720,1
219056909972783104,1
219062032768122880,1
219072179494350848,1
219073612895105024,1
219076495515488256,1
219076855336439808,1
219078104342933504,1
219095985100619776,1
219117405441732608,1
219119704117092352,1
219125294827397120,1
219146802044325888,1
219290403272744960,1
219306931892396032,1
219309349907902464,1
219310066830565376,1
219328324510388224,1
219344189178302464,1
219357733735485440,1
219359171967963136,1
219381338381000704,1
219382254482657280,1
219382550075797504,1
219384680612192256,1
219394771318042624,1
219408177639522304,1
219420648554450944,1
219439737339424768,1
219442704394264576,1
219446604474408960,1
219448999617011712,1
219455811148525568,1
219461034539298816,1
219463578458624000,1
219463820130283520,1
219490181049131008,1
219501893890625536,1
219501951177633792,1
219512395128250368,1
219514841201598464,1
219515179002445824,1
219629097993101312,1
219634600001048576,1
219667400240508928,1
219668910991183872,1
219681792211644416,1
219695946153488384,1
219706020768681984,1
219715112375988224,1
219728689530732544,1
219730774660710400,1
219773833442451456,1
219790180926115840,1
219800833848344576,1
219801333203906560,1
219805640741265408,1
219815694576844800,1
219833019879370752,1
219833449675444224,1
219838303253176320,1
219844006096220160,1
219849991178321920,1
219853095805775872,1
219866413433700352,1
219866560946589696,1
219954198862897152,1
220008092893880320,1
220019132675477504,1
220035747011776512,1
220035919328116736,1
220050654739632128,1
220052238648111104,1
220054731148947456,1
220060342300426240,1
220091543231524864,1
220105288138936320,1
220109462567653376,1
220111087424516096,1
220128361019953152,1
220129365952602112,1
220135637801684992,1
220137368261574656,1
220138590883987456,1
220146325806936064,1
220147091758542848,1
220147501950013440,1
220156369498783744,1
220157371412107264,1
220158240626528256,1
220159868748509184,1
220161178399641600,1
220161654080749568,1
220162442390495232,1
220167842421817344,1
220169208279711744,1
220180200090279936,1
220182370747428864,1
220184467860291584,1
220186406147665920,1
220188437372911616,1
220191913250136064,1
220211680468746240,1
220216602092048384,1
220231304175968256,1
220329852071485440,1
220403576423366656,1
220404307610271744,1
220405986889404416,1
220407927762780160,1
220424977188106240,1
220447685347627008,1
220458067726356480,1
220458656630263808,1
220461915857260544,1
220462144902135808,1
220463022827638784,1
220467379015950336,1
220470773815398400,1
220493076437753856,1
220502996729495552,1
220508463669653504,1
220516763119095808,1
220519174518841344,1
220521295477534720,1
220522990247645184,1
220539903625814016,1
220540998419099648,1
220550682753433600,1
220552654169153536,1
220559220424638464,1
220564567208992768,1
220567342297419776,1
220613468246220800,1
220723986170736640,1
220749188270292992,1
220763722594074624,1
220777165352841216,1
220783646351241216,1
220790811635253248,1
220794405902336000,1
220802892959666176,1
220825393181446144,1
220825415435173888,1
220830062168076288,1
220833687145689088,1
220839138966958080,1
220852719562862592,1
220853412231708672,1
220855765130874880,1
220873739967987712,1
220873828109279232,1
220878563144011776,1
220883539002019840,1
220887414860197888,1
220889726012682240,1
220892766275489792,1
220894634769158144,1
220894778219220992,1
220895300678647808,1
220905563846606848,1
220906984222203904,1
220916089723817984,1
220919678643421184,1
220921145044570112,1
220928645347794944,1
220931104289325056,1
220940041419038720,1
220941175041638400,1
220943535923752960,1
220943844240003072,1
220953456568377344,1
220958640008802304,1
221012425606209536,1
221050090024988672,1
221066706114019328,1
221080946186797056,1
221082140170596352,1
221100196640866304,1
221101282511118336,1
221119355815743488,1
221169770769518592,1
221188824237395968,1
221191339683393536,1
221198068229881856,1
221212272285532160,1
221223632815284224,1
221243448731197440,1
221248587359432704,1
221249610541969408,1
221267136476528640,1
221277292474277888,1
221285380746141696,1
221294271972065280,1
221296630686507008,1
221331341406580736,1
221334606327263232,1
221344061153738752,1
221363219930370048,1
221396257408958464,1
221410572980908032,1
221414741202604032,1
221454886618841088,1
221468998250385408,1
221484100433936384,1
221485294937055232,1
221493851058843648,1
221504354997874688,1
221533880279683072,1
221562800704221184,1
221566030419943424,1
221583693984129024,1
221586331466072064,1
221597963791462400,1
221615083103432704,1
221618503489404928,1
221621545371267072,1
221623749265707008,1
221628543819722752,1
221634969316261888,1
221657868090494976,1
221666954723262464,1
221667656979222528,1
221667734901018624,1
221668547871432704,1
221680327064666112,1
221681585964138496,1
221710322927448064,1
221771768585478144,1
221773575892168704,1
221784198264250368,1
221797954949967872,1
221831114816360448,1
221856597249335296,1
221868061573500928,1
221878109550284800,1
221887916833751040,1
221888243418898432,1
221894471031873536,1
221894932730658816,1
221907721962049536,1
221916391380217856,1
221925313713700864,1
221926056913137664,1
221935064557568000,1
221953927180480512,1
221955750714773504,1
221965129622228992,1
221977400244002816,1
221986966394286080,1
221987429272883200,1
221987947791433728,1
221996642293092352,1
221998633313718272,1
222006361081036800,1
222007416750120960,1
222010009512218624,1
222011793888350208,1
222025327538253824,1
222057176763629568,1
222131446984798208,1
222174916795674624,1
222183532243181568,1
222184573495410688,1
222196039573811200,1
222197621029281792,1
222205331485184000,1
222205335189479424,1
222228109938438144,1
222236888018776064,1
222237272685588480,1
222250421318496256,1
222251250578853888,1
222258420564185088,1
222261076007702528,1
222263953683521536,1
222280872798253056,1
222290591860908032,1
222295308171010048,1
222295834606395392,1
222302735994040320,1
222308132134825984,1
222308757001834496,1
222311164348850176,1
222319992561197056,1
222327651265015808,1
222340958110666752,1
222341516888846336,1
222360402681061376,1
222364090063785984,1
222365053718876160,1
222367354069954560,1
222369652031541248,1
222385210157723648,1
222393709845860352,1
222412248382812160,1
222482546149867520,1
222499879868379136,1
222537175526522880,1
222564622363676672,1
222569149386264576,1
222569334885412864,1
222570244138864640,1
222573482141683712,1
222575696771461120,1
222590440501850112,1
222597008334397440,1
222603856318623744,1
222606839463165952,1
222611171260530688,1
222611411490390016,1
222612062668492800,1
222619388712517632,1
222619865998626816,1
222625644728729600,1
222628619526811648,1
222643513192087552,1
222652342207934464,1
222654498136649728,1
222659996046667776,1
222670679212982272,1
222670881174769664,1
222678696201244672,1
222682493041639424,1
222690464427737088,1
222692299712331776,1
222697831567024128,1
222698067770654720,1
222699932092301312,1
222719283683782656,1
222721740135931904,1
222722382706180096,1
222723185945718784,1
222725415596277760,1
222731779975516160,1
222737590641938432,1
222748594323034112,1
222764450394075136,1
222774559466004480,1
222845130100379648,1
222873998127722496,1
222920475939692544,1
222932112193028096,1
222948812687208448,1
222954624727805952,1
222955702301839360,1
222961723323756544,1
222965148389740544,1
222966432151678976,1
222968290690445312,1
222970665007497216,1
222979208708456448,1
222989058143133696,1
222999818121625600,1
223000842956673024,1
223004443351502848,1
223009082274230272,1
223009083995422720,1
223009249888989184,1
223014107543658496,1
223015689653112832,1
223016552860446720,1
223017569891741696,1
223019863577104384,1
223023404618465280,1
223024030389112832,1
223031595271315456,1
223031848978214912,1
223032732474384384,1
223038858223837184,1
223038976012677120,1
223039999593861120,1
223046600546918400,1
223048085497270272,1
223050021992321024,1
223053291404644352,1
223055805915000832,1
223055828459446272,1
223061195831013376,1
223063266869506048,1
223076532348940288,1
223079100110639104,1
223084866504314880,1
223086153581608960,1
223087670008438784,1
223091087718137856,1
223091267355549696,1
223095742175768576,1
223105615821103104,1
223107461847842816,1
223107568584433664,1
223112370286727168,1
223117834440646656,1
223120194251063296,1
223125799790403584,1
223133170436329472,1
223224162947796992,1
223225745022140416,1
223263657829351424,1
223272232659558400,1
223289641018351616,1
223290538816688128,1
223299994626678784,1
223300604907241472,1
223318926964944896,1
223328425333874688,1
223328919896166400,1
223341514796556288,1
223364219049271296,1
223375401585958912,1
223378158102433792,1
223384170181304320,1
223395637811511296,1
223395974224502784,1
223405709274148864,1
223405775717494784,1
223407724764037120,1
223408868210782208,1
223432408152829952,1
223434005282349056,1
223443771064713216,1
223449391550423040,1
223462333682790400,1
223468010108211200,1
223473057822060544,1
223478581698056192,1
223485979043201024,1
223581124559740928,1
223581666256232448,1
223609000969617408,1
223611919565426688,1
223621393342484480,1
223628305813356544,1
223646127746068480,1
223662047625777152,1
223663923048374272,1
223673995949813760,1
223675332760571904,1
223689840296546304,1
223700050162532352,1
223714236264824832,1
223717883015933952,1
223728329911201792,1
223731111095902208,1
223734430092124160,1
223735363041509376,1
223740096202530816,1
223740509955923968,1
223755986985103360,1
223758741677494272,1
223759117796036608,1
223771635785850880,1
223772344710914048,1
223775983870595072,1
223790340958937088,1
223791694846746624,1
223798108004802560,1
223803154352799744,1
223807623916298240,1
223815757866913792,1
223818325724200960,1
223818990860103680,1
223821303855079424,1
223824183411433472,1
223835296747732992,1
223838297440251904,1
223839304411492352,1
223844201407549440,1
223844296282415104,1
223846633458397184,1
223850835917254656,1
223852163207585792,1
223862389458563072,1
223885420104151040,1
223896838100267008,1
223900011056623616,1
223937973607546880,1
223947543603154944,1
223957246421409792,1
223964941357887488,1
224003852049870848,1
224009018979213312,1
224018306839531520,1
224025814570414080,1
224029854614056960,1
224041315885760512,1
224044719988076544,1
224046177740431360,1
224046444030771200,1
224049508340432896,1
224052947048050688,1
224053726143737856,1
224054001627398144,1
224054005887209472,1
224060182545731584,1
224070650628591616,1
224082576791003136,1
224085294700994560,1
224088176643362816,1
224097814792044544,1
224099745198161920,1
224105456981823488,1
224108045291159552,1
224108223129829376,1
224108360357199872,1
224111944074719232,1
224114258037739520,1
224116117176700928,1
224128710122364928,1
224130943021285376,1
224136224278507520,1
224145165935960064,1
224148049742372864,1
224153514757722112,1
224168934762704896,1
224179196442599424,1
224184185286533120,1
224185427261104128,1
224188409329483776,1
224192608984756224,1
224195601688121344,1
224195637975916544,1
224203251192655872,1
224215465270661120,1
224219155416698880,1
224222195332870144,1
224230539208146944,1
224232479640371200,1
224237452117913600,1
224261641953153024,1
224276597400608768,1
224315521347014656,1
224320115296108544,1
224331989812019200,1
224348493526118400,1
224367853121998848,1
224388762018181120,1
224389074406543360,1
224397482368102400,1
224409823439114240,1
224416566089711616,1
224418981859536896,1
224420863851962368,1
224424962159321088,1
224428570858414080,1
224436433181323264,1
224438522348490752,1
224454315962429440,1
224455919246258176,1
224463492437319680,1
224466560924884992,1
224467900942917632,1
224474216114720768,1
224481118519107584,1
224483991061041152,1
224484301918994432,1
224485563701436416,1
224485956601253888,1
224487510742360064,1
224495440748548096,1
224498922991783936,1
224502919206404096,1
224509920822603776,1
224511243302522880,1
224524436115660800,1
224525418049339392,1
224527251693899776,1
224535365263089664,1
224542125840125952,1
224542596925923328,1
224562973380972544,1
224588172333035520,1
224612018380775424,1
224618069035679744,1
224625809278943232,1
224635833584852992,1
224640213443264512,1
224705335692767232,1
224720494679293952,1
224720908701999104,1
224734007364112384,1
224735372236894208,1
224756204579151872,1
224759428315623424,1
224759912044703744,1
224765509638270976,1
224770791441244160,1
224779645651595264,1
224808669663559680,1
224818762915733504,1
224850904930480128,1
224853882411155456,1
224866238379921408,1
224871671811407872,1
224875401495326720,1
224880341797249024,1
224884288818274304,1
224898060414849024,1
224900418616705024,1
224910676473786368,1
224923332191723520,1
224934020476321792,1
224944768160256000,1
224948290077306880,1
224958509939249152,1
225005892184518656,1
225016272320462848,1
225038088000921600,1
225041623433228288,1
225052743902994432,1
225086583880368128,1
225102866014597120,1
225103664114094080,1
225104853849464832,1
225108047862886400,1
225121768199397376,1
225127176033787904,1
225135427719663616,1
225156992569499648,1
225163916823969792,1
225169331715260416,1
225170307890774016,1
225181009410920448,1
225181762786709504,1
225193676204896256,1
225197888646184960,1
225209203047243776,1
225212378394619904,1
225219777160044544,1
225220527811559424,1
225221171905110016,1
225224607064776704,1
225229459172188160,1
225229939959689216,1
225231072563425280,1
225250674130907136,1
225251377574629376,1
225251462892949504,1
225253308351295488,1
225256096432807936,1
225256687103729664,1
225267912980537344,1
225271022081372160,1
225271536852549632,1
225274188034818048,1
225274747971325952,1
225280079090925568,1
225397057739616256,1
225400025399791616,1
225417946283122688,1
225421859013214208,1
225426726529048576,1
225432777267605504,1
225434611999744000,1
225440619686313984,1
225445943407087616,1
225447123630338048,1
225448863301087232,1
225473771432800256,1
225474366223577088,1
225486387357716480,1
225487119702417408,1
225494208459276288,1
225500888536993792,1
225502685836828672,1
225503187016097792,1
225504504817967104,1
225504935827890176,1
225505951735545856,1
225509893684264960,1
225511504694824960,1
225517618549022720,1
225518038162415616,1
225524086509096960,1
225526092945690624,1
225532860253663232,1
225536116286861312,1
225547514480971776,1
225547732085362688,1
225551286202564608,1
225566582453497856,1
225569750271381504,1
225569985056194560,1
225579131948273664,1
225582110516064256,1
225583382813429760,1
225597599621865472,1
225602755248967680,1
225610189088145408,1
225612899345117184,1
225620883411939328,1
225630893369503744,1
225632754659987456,1
225633984959307776,1
225635020337209344,1
225636004212547584,1
225637776840966144,1
225649184196358144,1
225657028325806080,1
225657824244842496,1
225698727903064064,1
225740318671704064,1
225743599221899264,1
225763876600590336,1
225778390773059584,1
225787224981393408,1
225820606783418368,1
225822654641377280,1
225823265303343104,1
225843180141096960,1
225853075863588864,1
225855289809506304,1
225876306864111616,1
225879817482817536,1
225889105806503936,1
225892326480523264,1
225892730706362368,1
225899881767145472,1
225904607649726464,1
225907520530681856,1
225912741311082496,1
225927034052681728,1
225930599281168384,1
225934154547023872,1
225935359245385728,1
225938790578393088,1
225940841460314112,1
225951438789877760,1
225966719656349696,1
225968377458245632,1
225972144151576576,1
225972675468795904,1
225973762932326400,1
225975732126887936,1
225976359011651584,1
225977100102344704,1
225979614657507328,1
225985282786332672,1
225990241910718464,1
225992900182282240,1
225993349059571712,1
225994957347500032,1
225997215831195648,1
225998165111623680,1
226003352022978560,1
226004368893214720,1
226004904199876608,1
226005228125696000,1
226020711976910848,1
226030209868406784,1
226042020237307904,1
226051054983806976,1
226074582001917952,1
226104877387919360,1
226139240066510848,1
226148608651386880,1
226167703391780864,1
226168264565616640,1
226168688910479360,1
226186512233259008,1
226195871324184576,1
226209487161884672,1
226210224909377536,1
226216405371568128,1
226221065589596160,1
226225547387297792,1
226226707361411072,1
226231091486654464,1
226237927304511488,1
226241092395683840,1
226241901334962176,1
226242065478352896,1
226242595193266176,1
226251881334747136,1
226259273448660992,1
226275721137627136,1
226280114086539264,1
226280531537461248,1
226286976255135744,1
226287961107943424,1
226288503347412992,1
226294260937580544,1
226296179600224256,1
226299938361102336,1
226309628006948864,1
226312003155554304,1
226336687720706048,1
226342733728620544,1
226352502685573120,1
226353626307899392,1
226359394018377728,1
226364767840268288,1
226368888353693696,1
226379041007124480,1
226387862074761216,1
226389181231341568,1
226393200665096192,1
226413840981798912,1
226490459838935040,1
226514908440080384,1
226534827200315392,1
226537775250157568,1
226539055186690048,1
226553950638551040,1
226556620923191296,1
226558856101359616,1
226563969551810560,1
226578021545201664,1
226604267009028096,1
226611344834035712,1
226617821294768128,1
226622072723619840,1
226622503430574080,1
226627476794683392,1
226628729299550208,1
226631999328014336,1
226635623751548928,1
226643009855750144,1
226646476877778944,1
226658006716403712,1
226664417719402496,1
226675966748078080,1
226695780853800960,1
226696656589348864,1
226706523307798528,1
226719549567905792,1
226719939736170496,1
226724443213520896,1
226726109632012288,1
226726341592219648,1
226731783863144448,1
226733782595796992,1
226755193060229120,1
226765044655988736,1
226769091550556160,1
226889885188370432,1
226900098210594816,1
226900466289872896,1
226906095938990080,1
226908332061024256,1
226920440790519808,1
226930882633994240,1
226936680485728256,1
226940894118453248,1
226947419763204096,1
226950078546239488,1
226958231012184064,1
226961752866140160,1
226962796730904576,1
226966843370180608,1
226973243142914048,1
226975984723525632,1
226978994595901440,1
226979195338719232,1
226983308478832640,1
226985327353118720,1
226985906368929792,1
226995220892577792,1
226996845871046656,1
226997835100577792,1
227000926898876416,1
227006203383943168,1
227006548998361088,1
227013125579747328,1
227013922875023360,1
227014131870699520,1
227016558202617856,1
227019486294638592,1
227022107893903360,1
227026345087389696,1
227031346614497280,1
227045545187278848,1
227046373551546368,1
227046485887987712,1
227054040631726080,1
227060358455238656,1
227062356163493888,1
227069145412194304,1
227070596132225024,1
227072769571651584,1
227076505511399424,1
227080809919938560,1
227085179497230336,1
227088363172466688,1
227091187352084480,1
227091403792928768,1
227096897810911232,1
227106545738010624,1
227112636387618816,1
227113824536903680,1
227114746489860096,1
227118094626406400,1
227119950820909056,1
227127731815940096,1
227167610569957376,1
227205673656053760,1
227218560948961280,1
227224148511023104,1
227225764664823808,1
227238608644780032,1
227258312435699712,1
227268344475705344,1
227271843750916096,1
227280226092285952,1
227286622712434688,1
227311952493027328,1
227315675132731392,1
227320044303323136,1
227322553791750144,1
227322782282330112,1
227325152468525056,1
227332057838567424,1
227335325758386176,1
227339856412590080,1
227343964441645056,1
227344041557147648,1
227349086276898816,1
227350949381173248,1
227357955014774784,1
227359169060065280,1
227362370012794880,1
227364666551726080,1
227365956369412096,1
227366953244319744,1
227369642031132672,1
227375352198975488,1
227375628404715520,1
227379383996706816,1
227385166554599424,1
227393122602328064,1
227395346605723648,1
227398118011924480,1
227398454868172800,1
227407429195583488,1
227407709048295424,1
227407952912986112,1
227417169950248960,1
227418730031927296,1
227421425704640512,1
227421656187600896,1
227428496719429632,1
227429096487215104,1
227429371802099712,1
227440153588826112,1
227444694869499904,1
227456120553365504,1
227457876823023616,1
227465737795833856,1
227465804687609856,1
227472283322093568,1
227473218909057024,1
227493678184804352,1
227504253782925312,1
227528897415131136,1
227543786282831872,1
227552535401476096,1
227560148294987776,1
227579557025480704,1
227597612879904768,1
227617819101622272,1
227621837793636352,1
227622033419362304,1
227623271263875072,1
227652623682056192,1
227660454377390080,1
227663123584708608,1
227670788206034944,1
227673116417327104,1
227681787537809408,1
227684383316430848,1
227685202589646848,1
227695306093178880,1
227698142195593216,1
227702795091849216,1
227706025456631808,1
227706836259704832,1
227715725848465408,1
227720324321464320,1
227725322254856192,1
227725606306373632,1
227725635617677312,1
227730967987486720,1
227732046969393152,1
227738396170530816,1
227748399978295296,1
227748939846201344,1
227753825409400832,1
227754306522529792,1
227756222103465984,1
227756292124114944,1
227757805913726976,1
227757941757190144,1
227760256293642240,1
227763228601139200,1
227766674223013888,1
227768740995928064,1
227774824973209600,1
227775524779556864,1
227776372628852736,1
227776598775332864,1
227784873674096640,1
227786275492331520,1
227788668303683584,1
227790686214029312,1
227790881421312000,1
227792703124402176,1
227793681868390400,1
227795836019806208,1
227801938565095424,1
227802197473988608,1
227805102538059776,1
227805711558545408,1
227806216533094400,1
227808162913460224,1
227825281768247296,1
227829346656505856,1
227829488000401408,1
227829798557859840,1
227837051248898048,1
227848856311693312,1
227860990975676416,1
227911130994339840,1
227928172609253376,1
227929209410838528,1
227934089203793920,1
227945162017779712,1
227964112257171456,1
227968076368125952,1
227972969649184768,1
227988255413354496,1
227989874894036992,1
227997436110893056,1
227999483157073920,1
228005099753668608,1
228005548794490880,1
228005575266304000,1
228009475304632320,1
228012301244198912,1
228012559869419520,1
228014961751490560,1
228028345026994176,1
228028508280819712,1
228028593864974336,1
228031309975044096,1
228031367762694144,1
228041866365374464,1
228045556761923584,1
228060490847461376,1
228064233848340480,1
228067995339964416,1
228068387503230976,1
228089407685636096,1
228092692578037760,1
228092809278636032,1
228109615713169408,1
228116731058282496,1
228117023750713344,1
228117180576669696,1
228118487684382720,1
228118605694173184,1
228120437973364736,1
228122281156550656,1
228132914922807296,1
228137010153984000,1
228137468373704704,1
228138428724006912,1
228143199321571328,1
228145202477039616,1
228148941110947840,1
228152562184249344,1
228155303239036928,1
228155452814688256,1
228162090705928192,1
228163167269937152,1
228163967546494976,1
228165666863566848,1
228180245994516480,1
228182533015056384,1
228185923343745024,1
228189829323997184,1
228190161094553600,1
228190230614368256,1
228190683549065216,1
228196952786731008,1
228207873257439232,1
228208056539979776,1
228211849239060480,1
228213570017509376,1
228217507621724160,1
228219922612740096,1
228226742193893376,1
228258011281383424,1
228279363642163200,1
228310874446311424,1
228318907970510848,1
228332651171762176,1
228334448897347584,1
228341990884884480,1
228349412169428992,1
228351958381359104,1
228354295229509632,1
228357513115193344,1
228366264322236416,1
228368693836886016,1
228373337171705856,1
228381098826350592,1
228381175269027840,1
228383155771871232,1
228386107590053888,1
228386251776299008,1
228397736816123904,1
228405925206761472,1
228412927703236608,1
228416142588133376,1
228419278704812032,1
228423137560387584,1
228428255997321216,1
228432022692810752,1
228432429757595648,1
228433904876044288,1
228434632375185408,1
228435923693330432,1
228441625061859328,1
228445170105753600,1
228447034901106688,1
228449662410981376,1
228453488432173056,1
228458457369960448,1
228459537012285440,1
228461261697941504,1
228461311855685632,1
228463072917131264,1
228464124709617664,1
228464180149080064,1
228465789125271552,1
228466036761088000,1
228467455537901568,1
228476841104703488,1
228477664435130368,1
228477807520161792,1
228478692912697344,1
228481815357136896,1
228485249137156096,1
228491224479985664,1
228495118709342208,1
228496003557404672,1
228499297041498112,1
228499719181443072,1
228506218562301952,1
228510767246950400,1
228511212324610048,1
228513401978134528,1
228517939933880320,1
228518303702745088,1
228519763741495296,1
228520656915730432,1
228520808273518592,1
228525642064023552,1
228526300234674176,1
228539386659065856,1
228540880306606080,1
228547274200489984,1
228549285833142272,1
228550622987337728,1
228554987404103680,1
228558973777297408,1
228562168232640512,1
228567394121773056,1
228569162471702528,1
228572153828540416,1
228573291848359936,1
228584330970112000,1
228589723775938560,1
228601453349822464,1
228609471116496896,1
228622167613915136,1
228628013810438144,1
228647011408850944,1
228652029019934720,1
228654848757174272,1
228667803391438848,1
228692130328911872,1
228693034876637184,1
228693732385746944,1
228703477893353472,1
228718340129484800,1
228736471722541056,1
228739101509599232,1
228740909947846656,1
228753048938344448,1
228758526212231168,1
228760373229674496,1
228766486719406080,1
228783528940810240,1
228785592532705280,1
228787187741347840,1
228794300034691072,1
228795961697210368,1
228796669920096256,1
228804964322045952,1
228816405719486464,1
228824925143195648,1
228825082058498048,1
228826283434913792,1
228832095778975744,1
228842745319219200,1
228845970931339264,1
228846298718834688,1
228846933653172224,1
228851796149682176,1
228856726328164352,1
228856932209020928,1
228857841338798080,1
228862352520069120,1
228864006048833536,1
228864481861578752,1
228867633593122816,1
228869845174374400,1
228870778357411840,1
228876179455094784,1
228878605357477888,1
228879213736382464,1
228879265669644288,1
228879425441341440,1
228881645832015872,1
228883103800942592,1
228889979364573184,1
228897795231621120,1
228909057675362304,1
228915088555913216,1
228916296239251456,1
228919526590177280,1
228919943010058240,1
228928786702135296,1
228931512131379200,1
228931795748655104,1
228939957239099392,1
228952651823230976,1
228976149982085120,1
228986334659186688,1
228994941456605184,1
229023607519199232,1
229034904493821952,1
229039908843888640,1
229042791292805120,1
229047114176102400,1
229062301606932480,1
229071087510040576,1
229081237698064384,1
229092648756625408,1
229119066247532544,1
229120668477530112,1
229125291599040512,1
229132288178933760,1
229140845796380672,1
229142758037385216,1
229142832249159680,1
229143727642546176,1
229144978432061440,1
229146726146355200,1
229151227519856640,1
229154717025861632,1
229159989935636480,1
229166986932858880,1
229169265885507584,1
229179796103122944,1
229192441336586240,1
229199595357638656,1
229202097804173312,1
229204582443171840,1
229204985539940352,1
229207407126462464,1
229208782127673344,1
229214089735168000,1
229216695196667904,1
229221885176020992,1
229227202200346624,1
229240231876378624,1
229240345434693632,1
229247613536399360,1
229249861636255744,1
229252748890853376,1
229256783003881472,1
229260651937234944,1
229261262976110592,1
229262515383791616,1
229267021142773760,1
229267435746541568,1
229267985089024000,1
229268264529207296,1
229272500338790400,1
229273913744072704,1
229275495807037440,1
229278586429333504,1
229283708290138112,1
229286158327230464,1
229288077236432896,1
229288733748084736,1
229297296606171136,1
229297593513598976,1
229322640670478336,1
229340140949360640,1
229378940878876672,1
229380130117496832,1
229384134406713344,1
229385530667847680,1
229410281154297856,1
229422168766898176,1
229423384149327872,1
229429250675904512,1
229431918319808512,1
229432542489874432,1
229435185906188288,1
229442397030064128,1
229447458144260096,1
229452493944856576,1
229454527845056512,1
229457048062046208,1
229457603346747392,1
229459281563656192,1
229463292528152576,1
229464966117695488,1
229470449057677312,1
229478198379552768,1
229483857048604672,1
229492046750162944,1
229494297823121408,1
229497522049413120,1
229502360336244736,1
229506112474251264,1
229506127286861824,1
229512599382401024,1
229516234383794176,1
229516698760716288,1
229517540288901120,1
229517945065746432,1
229521699596939264,1
229523833747255296,1
229527588412542976,1
229529033758138368,1
229530033804304384,1
229530397600141312,1
229538482927955968,1
229539857837764608,1
229540885584908288,1
229542050566008832,1
229549531850846208,1
229554472265879552,1
229559145184149504,1
229562644523196416,1
229567394981285888,1
229570380747116544,1
229572473789874176,1
229578759175667712,1
229579547803189248,1
229583050660233216,1
229583725406830592,1
229584131533004800,1
229585740252938240,1
229588363393843200,1
229589415898636288,1
229593409721528320,1
229595526479159296,1
229597225987395584,1
229599728218767360,1
229600661432569856,1
229601930993246208,1
229605502465064960,1
229607868533641216,1
229615468369559552,1
229616337961816064,1
229622416547729408,1
229622856904704000,1
229627125223768064,1
229627421773684736,1
229628877220687872,1
229629222955687936,1
229630991375028224,1
229634598083620864,1
229635672559628288,1
229645388591624192,1
229648137635262464,1
229650440844390400,1
229651433754648576,1
229652209317048320,1
229653614108876800,1
229653892191432704,1
229657581151358976,1
229658452116721664,1
229661984724328448,1
229681060133928960,1
229684958247804928,1
229690646238375936,1
229724480690409472,1
229737678428901376,1
229748326298312704,1
229760863872675840,1
229766132245622784,1
229772615036735488,1
229785312054689792,1
229786251736481792,1
229786427353251840,1
229786626171027456,1
229790478201106432,1
229791892468772864,1
229801856349253632,1
229803564877529088,1
229807287523315712,1
229812066112577536,1
229813652184371200,1
229817470546468864,1
229818267885686784,1
229818440679997440,1
229818888531808256,1
229819681100029952,1
229821210088263680,1
229830631411003392,1
229832728401948672,1
229841099429920768,1
229841979396665344,1
229843656644132864,1
229850221770186752,1
229850337600794624,1
229854513644732416,1
229857678053650432,1
229857843373629440,1
229861792630235136,1
229863545004421120,1
229864549844119552,1
229865033182380032,1
229872711709761536,1
229872919303319552,1
229875362174840832,1
229881900863127552,1
229884869281517568,1
229885593509703680,1
229886247277240320,1
229888578883690496,1
229891352825929728,1
229893837900169216,1
229893983260160000,1
229896556211949568,1
229897239347556352,1
229902805191778304,1
229905547797782528,1
229905927852961792,1
229906886586044416,1
229907642031824896,1
229907879155826688,1
229907933291192320,1
229908581758316544,1
229912669288624128,1
229913911107055616,1
229915311786549248,1
229921884769333248,1
229923287926071296,1
229930981195714560,1
229931843261988864,1
229932968555225088,1
229934020200198144,1
229936305180291072,1
229936604432166912,1
229937492804476928,1
229937938105700352,1
229938169262551040,1
229938350951227392,1
229939619589365760,1
229939864800964608,1
229946322399019008,1
229950151600664576,1
229953516810919936,1
229953935766990848,1
229958925696593920,1
229959003336552448,1
229959904590577664,1
229960305194323968,1
229965712904650752,1
229965967623622656,1
229969912171450368,1
229970470706200576,1
229972852667293696,1
229974370647642112,1
229974426885033984,1
229976684669054976,1
229976940205576192,1
229977470062129152,1
229979489586831360,1
229981735162818560,1
229981952830836736,1
229984761410564096,1
229984889790517248,1
229986029800087552,1
229987856739565568,1
229988030427197440,1
229988573781966848,1
229989750243786752,1
229990813301780480,1
229992306945228800,1
229992387419013120,1
229993922642661376,1
229995027285041152,1
230000528024760320,1
230003796945616896,1
230007201779163136,1
230011310147301376,1
230011870324011008,1
230012852852281344,1
230014670475735040,1
230015437406593024,1
230016286654672896,1
230017781574356992,1
230018213099819008,1
230024012117344256,1
230030180472729600,1
230052273779777536,1
230058878621667328,1
230075851301199872,1
230094155028566016,1
230104883570462720,1
230115829188952064,1
230123358672564224,1
230128862741037056,1
230129641691058176,1
230132813892341760,1
230137377725263872,1
230142644691443712,1
230145914905812992,1
230154868112097280,1
230181609677000704,1
230185754450444288,1
230188191750144000,1
230189702171545600,1
230189732716130304,1
230193857456738304,1
230195659981737984,1
230196065032425472,1
230197771810836480,1
230199048234496000,1
230201679759831040,1
230202497484623872,1
230202722712289280,1
230203801033654272,1
230204506016440320,1
230204714847551488,1
230205024732127232,1
230206248399278080,1
230207066315919360,1
230207182868713472,1
230207241219330048,1
230209519001354240,1
230209530264698880,1
230210654565531648,1
230212326452727808,1
230212797827899392,1
230213037314174976,1
230214784929931264,1
230217024347471872,1
230217985536282624,1
230220053952872448,1
230223145135771648,1
230223996917100544,1
230225319950589952,1
230227852306300928,1
230228758665478144,1
230230886436016128,1
230232097018380288,1
230233946583912448,1
230234141337948160,1
230234244668149760,1
230234300810444800,1
230234709533237248,1
230234983857434624,1
230235351207182336,1
230236142005465088,1
230237406440640512,1
230237949319913472,1
230238433370714112,1
230240381147090944,1
230242140346982400,1
230252935934496768,1
230256371642478592,1
230257980389371904,1
230258063971041280,1
230259944670826496,1
230261361350348800,1
230262306911080448,1
230263292282511360,1
230266039516733440,1
230267549770960896,1
230268245289922560,1
230271326355386368,1
230271628384665600,1
230272425937412096,1
230274460596256768,1
230276221751599104,1
230276444335587328,1
230277293818748928,1
230279283074260992,1
230279890834878464,1
230280592739524608,1
230281556237213696,1
230282504645562368,1
230285544277176320,1
230285738828328960,1
230286454749794304,1
230287310374957056,1
230288046746775552,1
230288368099454976,1
230288393185619968,1
230289270991519744,1
230289428186644480,1
230290763631001600,1
230291269762310144,1
230291333049335808,1
230291408999866368,1
230291569590063104,1
230291647405142016,1
230291722794004480,1
