181708734787915776,8
225438195026558976,8
229957772275507200,7
226335004360339456,6
218434478059237376,5
226345671331766272,5
230268266948419584,5
171619856666329088,4
178772629841248256,4
182520879038033920,4
188667188100452352,4
207831039205146624,4
209237139849433088,4
216075988467814400,4
219665173866782720,4
222010009512218624,4
224821858018021376,4
225276485338669056,4
227258312435699712,4
227294971435814912,4
228001660394594304,4
229813652184371200,4
230241444829605888,4
170120129818918912,3
170573329181179904,3
173367420063318016,3
173659517752442880,3
175595958870999040,3
175766276608622592,3
175829746989400064,3
176512439049781248,3
176849427036635136,3
178008030653186048,3
178032222287167488,3
181783591585923072,3
183366235058315264,3
187899508105043968,3
190317698009509888,3
192540936863416320,3
196980306610618368,3
205212967279165440,3
205326143561199616,3
206666724303790080,3
208454356160987136,3
213653993384955904,3
215365872605462528,3
215510673497210880,3
218747787114037248,3
219153085799067648,3
221618503489404928,3
221858904032751616,3
222404422933106688,3
223257279989555200,3
223384871961317376,3
223408868210782208,3
223409986783006720,3
223662047625777152,3
223712900784594944,3
226994547597045760,3
228522668937334784,3
229139951204007936,3
229146726146355200,3
230179386973847552,3
230296329926844416,3
171507568793878528,2
172245660186181632,2
172397865161719808,2
172722939278393344,2
173695011441868800,2
175226299516715008,2
175229495559585792,2
175477681465327616,2
175571353649283072,2
175598903394041856,2
175635553356611584,2
175681690201489408,2
175838908184002560,2
176043969547862016,2
176218326286991360,2
176241728355827712,2
176328821581021184,2
176361176672763904,2
176362481831116800,2
177177253308792832,2
177354494965710848,2
177367502148337664,2
177715300723064832,2
177922002105925632,2
177970307456303104,2
178411243638358016,2
178481788467806208,2
178512920555028480,2
178726296799412224,2
178869873869324288,2
178887125540798464,2
179120299160109056,2
179225880550178816,2
179234595105931264,2
179257889817362432,2
179263943783481344,2
179465573887901696,2
179555813784813568,2
179636977895735296,2
180180228918738944,2
180701092915445760,2
180966049745731584,2
181294007852945408,2
181384895705804800,2
181387344220131328,2
181416397969391616,2
182347835843624960,2
182451604811210752,2
182749702676008960,2
182883697245487104,2
183122990620069888,2
183719235160227840,2
183882804062904320,2
183984109329653760,2
184315452470747136,2
184342934814875648,2
186524136971632640,2
187411591074664448,2
187572511403909120,2
188534132965650432,2
188620083707764736,2
188684527624974336,2
189400320911675392,2
189693853145595904,2
190078856049692672,2
190416118410919936,2
190776327960129536,2
192154378326007808,2
192222709733396480,2
192239303608471552,2
192302616865062912,2
192569662165397504,2
192660035486650368,2
195598147255500800,2
196174600563736576,2
198311433770389504,2
198851749577191424,2
199075678119399424,2
199396368466624512,2
201661812394500096,2
202143178508038144,2
202651392045576192,2
202720809803767808,2
202844069071622144,2
203144875707379712,2
203172115833868288,2
203375599104278528,2
205704754242756608,2
206394644629221376,2
206987149512437760,2
207101225915371520,2
208110826068393984,2
208627299496353792,2
208863712512499712,2
208948599964794880,2
209270840789647360,2
209884607398838272,2
209939336262471680,2
209988117335351296,2
210044675123585024,2
210358976614760448,2
210633110755483648,2
211069086042476544,2
211125457403523072,2
211465168611860480,2
211483584273526784,2
211509646642327552,2
211732569708527616,2
212427197642948608,2
212541039384154112,2
212900349712154624,2
213132287644348416,2
213592961750474752,2
213602479213961216,2
214216060898185216,2
214377072926994432,2
214408297298448384,2
214591665563529216,2
214646644042457088,2
214697377940398080,2
214711255608209408,2
215120852750798848,2
215455819385315328,2
215685879193694208,2
215801150042755072,2
216170825583067136,2
216194734704099328,2
216431296815312896,2
216499492252110848,2
216696132487614464,2
217267051142901760,2
217293223198294016,2
217614254052438016,2
217618863003103232,2
217692489172910080,2
217844358411661312,2
217908757398102016,2
217988236293775360,2
218063263125192704,2
218340212798033920,2
218358616327962624,2
218687961635086336,2
218751048782389248,2
218974228832649216,2
219074353398411264,2
219076495515488256,2
219078855209902080,2
219113085236211712,2
219125295897022464,2
219128964130066432,2
219709588981571584,2
219759659194736640,2
219813723705049088,2
219916918449389568,2
219954198862897152,2
220086762993975296,2
220092374103281664,2
220129944712691712,2
220172466109014016,2
220386626813542400,2
220395537656389632,2
220550682753433600,2
220556352117014528,2
220815617242845184,2
220859864228081664,2
220899976666304512,2
220926176320307200,2
220937176108630016,2
221207645902069760,2
221580430639603712,2
221607799643881472,2
221777727092760576,2
222000955867500544,2
222273091430264832,2
222335349145407488,2
222569149386264576,2
222614230643355648,2
222713729763074048,2
223006531711504384,2
223009083995422720,2
223027817590525952,2
223087502241812480,2
223220741153886208,2
223305627003887616,2
223379152126218240,2
223664793517342720,2
223771635785850880,2
223788152137232384,2
223803955447238656,2
223837659502813184,2
224382872073003008,2
224415005401448448,2
224468525999022080,2
224835881099079680,2
225448863301087232,2
225674750486917120,2
225912741311082496,2
225928419038232576,2
225950403808403456,2
225974309583560704,2
226141840677376000,2
226159101778259968,2
226352502685573120,2
226387862074761216,2
226933038175080448,2
226935822381572096,2
226950078546239488,2
226969727406927872,2
227670014379585536,2
227995589909684224,2
228031309975044096,2
228230051583102976,2
228364496449409024,2
228392131016667136,2
228405925206761472,2
228423137560387584,2
228477664435130368,2
228562168232640512,2
228731012697980928,2
228735088010924032,2
228747321429381120,2
228763420413231104,2
228849140205146112,2
228856932209020928,2
228880057695272960,2
228888571061600256,2
228931795748655104,2
228941645537181696,2
229087544539680768,2
229236243253891072,2
229263971097010176,2
229417439318732800,2
229493425846042624,2
229589415898636288,2
229597905085849600,2
229630991375028224,2
229718261721808896,2
229791673759518720,2
229938515346276352,2
229955592986537984,2
230006977132695552,2
230128073454825472,2
230203984924823552,2
230205024732127232,2
230235884620926976,2
230240203862536192,2
230255599089930240,2
230293200335769600,2
230297467784704000,2
230303302574096384,2
230306152706617344,2
169438070679011328,1
169791008786087936,1
169956752077357056,1
170102497896038400,1
170126231503634432,1
170134206297407488,1
170224941210271744,1
170225039868690432,1
170250125283688448,1
170271031880056832,1
170331271321354240,1
170350677145419776,1
170363389082599424,1
170468632382406656,1
170494722853306368,1
170529889835810816,1
170543580580937728,1
170544129548222464,1
170556976944644096,1
170571331681648640,1
170576886399762432,1
170613162041671680,1
170699390661427200,1
170706856170225664,1
170727407295135744,1
170765314097676288,1
170767153228677120,1
170774734215053312,1
170800683178524672,1
170814408971255808,1
170814550516432896,1
170824210111791104,1
170856762520371200,1
170858775849205760,1
170883498716954624,1
170894951196917760,1
170895985025744896,1
170911381820801024,1
170913205504180224,1
170915158208544768,1
170945387207589888,1
170950938930970624,1
170967089555701760,1
171002043656306688,1
171053326551482368,1
171089138324340736,1
171093486324416512,1
171113065599729664,1
171122471502610432,1
171132665720733696,1
171144786722422784,1
171167170892398592,1
171172960663502848,1
171176244744814592,1
171201195858198528,1
171213094817628160,1
171228962863710208,1
171253552860102656,1
171293556709785600,1
171295374344978432,1
171314587541438464,1
171336854522560512,1
171372292004118528,1
171402820887511040,1
171404527277178880,1
171416481999880192,1
171423611934998528,1
171458732977291264,1
171511175450722304,1
171523675613298688,1
171539421634494464,1
171549581006340096,1
171601944245174272,1
171779517101113344,1
171909246516985856,1
171910177098825728,1
171987613966663680,1
172009883002994688,1
172017083268202496,1
172071613053796352,1
172156081902977024,1
172180159489638400,1
172184864324321280,1
172302607111421952,1
172319323761672192,1
172345524874117120,1
172347482112524288,1
172384177734287360,1
172629025116651520,1
172652100562452480,1
172664347451981824,1
172703377661100032,1
172708224468779008,1
172721096829698048,1
172733810008391680,1
172739423698419712,1
172779014920863744,1
172849806052425728,1
172855133934190592,1
172879866880851968,1
172990292633321472,1
173008296251228160,1
173064674890219520,1
173070757738315776,1
173071378231066624,1
173099522501640192,1
173120460458819584,1
173121322216325120,1
173273686298591232,1
173281778692259840,1
173296553794994176,1
173302762589650944,1
173317830492553216,1
173332069491933184,1
173341259459461120,1
173401073640275968,1
173431308150636544,1
173453497889456128,1
173577306504167424,1
173654071838769152,1
173655144410382336,1
173710764794707968,1
173821826210725888,1
173824347180367872,1
173832786073878528,1
174000436934606848,1
174029291195990016,1
174040326200098816,1
174172176528703488,1
174175174743031808,1
174184043502370816,1
174326689889779712,1
174336704218398720,1
174367572777500672,1
174387924496809984,1
174388061935763456,1
174402199890165760,1
174464543076909056,1
174496645772214272,1
174529077699411968,1
174537788388016128,1
174580902137954304,1
174648822662692864,1
174703403585241088,1
174742809956319232,1
174770922887053312,1
174795327943999488,1
174830121394372608,1
174836318235262976,1
174841389794721792,1
174878568063434752,1
174908422762790912,1
174914481070014464,1
175102780631941120,1
175129066679042048,1
175138693772738560,1
175145524599455744,1
175165945717719040,1
175167608507596800,1
175176910794391552,1
175179025918984192,1
175179658143203328,1
175181930499670016,1
175182807633494016,1
175186893137248256,1
175193002132635648,1
175193117123674112,1
175198769019617280,1
175199829658435584,1
175199897513885696,1
175205834442145792,1
175209164363005952,1
175210098849742848,1
175210247281967104,1
175217006008598528,1
175222855439482880,1
175224485392154624,1
175226741541830656,1
175228284362031104,1
175229035968724992,1
175231566568488960,1
175232297816031232,1
175234472956919808,1
175236011335352320,1
175236301975453696,1
175236863299158016,1
175238209578467328,1
175245256088879104,1
175245854356013056,1
175248887844438016,1
175251448903237632,1
175253563067334656,1
175254237293314048,1
175261886638456832,1
175262023121108992,1
175266770142101504,1
175270823089668096,1
175272884581695488,1
175273168892592128,1
175276019014434816,1
175276355565387776,1
175277773261111296,1
175279560370159616,1
175281408409862144,1
175290218650271744,1
175296249715490816,1
175307658872487936,1
175309909502459904,1
175310851849322496,1
175313061177982976,1
175341197290635264,1
175348394896654336,1
175365113358843904,1
175367334116982784,1
175375462283870208,1
175389362119245824,1
175390061825622016,1
175393153258356736,1
175399336660697088,1
175418166829121536,1
175419271587823616,1
175427242719969280,1
175434819692396544,1
175459553700216832,1
175461254536626176,1
175473500625043456,1
175475404172165120,1
175478108537749504,1
175478611409633280,1
175487269044486144,1
175495138980659200,1
175501159803387904,1
175502267238055936,1
175505307395424256,1
175505327171567616,1
175516711296958464,1
175516919342825472,1
175521743597731840,1
175523364675256320,1
175531961639501824,1
175532522065625088,1
175540449509900288,1
175540629705588736,1
175542651200733184,1
175544299943886848,1
175549938925568000,1
175550037382660096,1
175551958285811712,1
175553390430912512,1
175558217990930432,1
175571026866864128,1
175575624310587392,1
175583126297247744,1
175585349983010816,1
175586243554312192,1
175589789569908736,1
175592565851029504,1
175592967510163456,1
175602100175110144,1
175602991246606336,1
175607222213017600,1
175611113235283968,1
175612682362159104,1
175616690749440000,1
175620602097303552,1
175620731873263616,1
175620819211255808,1
175621506104033280,1
175626292048166912,1
175629219164848128,1
175629246612373504,1
175630835414728704,1
175633428073414656,1
175635588509073408,1
175639569650155520,1
175640277711585280,1
175643750775652352,1
175644212576911360,1
175645690238599168,1
175645822199791616,1
175654548809973760,1
175655135567937536,1
175660894473158656,1
175663278981120000,1
175666919033012224,1
175668655072215040,1
175739336740831232,1
175764813283065856,1
175803460891967488,1
175816050066063360,1
175826742672359424,1
175838993634557952,1
175846049238220800,1
175847821256163328,1
175862330448412672,1
175862727586086912,1
175883710493622272,1
175888064168591360,1
175891285054324736,1
175897280593788928,1
175903970517057536,1
175915347046563840,1
175925929783066624,1
175930109767712768,1
175942685801054208,1
175950091272585216,1
175950640013377536,1
175954854265487360,1
175968610664054784,1
175971516293316608,1
175976431774334976,1
175981603653156864,1
175999918329036800,1
176021619058147328,1
176023143750565888,1
176029864963342336,1
176044704767410176,1
176044938012655616,1
176060250598670336,1
176127454195220480,1
176142804865515520,1
176146781497720832,1
176147147559796736,1
176175005665591296,1
176207363399745536,1
176225634605858816,1
176241207855284224,1
176249084049358848,1
176256545888141312,1
176263407891120128,1
176270052956307456,1
176282597331042304,1
176283892511145984,1
176292870351749120,1
176306348974145536,1
176316407917576192,1
176333770280927232,1
176334616372707328,1
176339984477847552,1
176346115656908800,1
176348064112443392,1
176359934345084928,1
176364290121400320,1
176370746736508928,1
176375598124367872,1
176379153837195264,1
176385878560604160,1
176387441110810624,1
176396099865542656,1
176403920782884864,1
176404862798397440,1
176499382772826112,1
176500018683838464,1
176500328768733184,1
176554588608921600,1
176578895368159232,1
176583490752479232,1
176585344878116864,1
176588621640368128,1
176595576421351424,1
176601004832194560,1
176603364077862912,1
176612109046513664,1
176613787896381440,1
176620832829734912,1
176648249250152448,1
176659977027452928,1
176663514209845248,1
176671121679056896,1
176673913038700544,1
176681391851831296,1
176701524490059776,1
176712989859119104,1
176748217839386624,1
176758743109730304,1
176763461307465728,1
176847058789990400,1
176884812076810240,1
176907057109139456,1
176915916821364736,1
176919821282181120,1
176927351668473856,1
176934973943578624,1
176938296251777024,1
176950754945269760,1
176964571171389440,1
176986543909502976,1
176990162419449856,1
176996895015567360,1
176998467149758464,1
177007646128209920,1
177015695568011264,1
177037282681815040,1
177044261013815296,1
177044327623557120,1
177048264141438976,1
177050227155402752,1
177059017804218368,1
177069403228078080,1
177074051376742400,1
177076469049065472,1
177083840882278400,1
177083925191983104,1
177094722395832320,1
177104924285337600,1
177140177804722176,1
177141819245592576,1
177189733070274560,1
177210645391867904,1
177218087194460160,1
177225816281710592,1
177235809525563392,1
177240350274879488,1
177307360123944960,1
177323356729638912,1
177352252464300032,1
177380645259968512,1
177382101987885056,1
177398796425101312,1
177404731742748672,1
177410246220709888,1
177484511393611776,1
177543893087158272,1
177586998872113152,1
177601144795693056,1
177607132735078400,1
177609398003171328,1
177656130380496896,1
177661884562931712,1
177675394462253056,1
177690664442527744,1
177724376194482176,1
177733129308471296,1
177738776330633216,1
177748840655355904,1
177756546988507136,1
177778272153632768,1
177800811739348992,1
177806128992747520,1
177817439977865216,1
177836994578087936,1
177841775786852352,1
177852806495993856,1
177867154429837312,1
177938518922756096,1
178003625157591040,1
178050664113373184,1
178064200357117952,1
178069984801456128,1
178073630284972032,1
178097706542039040,1
178113688954208256,1
178120556346867712,1
178152133420384256,1
178160138924851200,1
178172058818052096,1
178179791235579904,1
178252026570866688,1
178283046905053184,1
178313427372998656,1
178332710555615232,1
178349062687293440,1
178354624380534784,1
178357646439481344,1
178378502817447936,1
178391127315972096,1
178396101420777472,1
178476828585885696,1
178485610636378112,1
178488638391189504,1
178510453570273280,1
178512848639492096,1
178515077853347840,1
178523450447495168,1
178525716327956480,1
178530141348036608,1
178541197130727424,1
178548092356788224,1
178555760333029376,1
178578812936650752,1
178653067816730624,1
178688402382651392,1
178744075149639680,1
178746026033676288,1
178761818515177472,1
178775038864916480,1
178786967016701952,1
178810620181741568,1
178819070638948352,1
178840427896504320,1
178842815315312640,1
178850870119628800,1
178870611383156736,1
178873178620166144,1
178879194086768640,1
178884302556102656,1
178887661224722432,1
178890414638497792,1
178892656145858560,1
178937317275205632,1
178938058320642048,1
178946840698290176,1
178951388770861056,1
179065600952238080,1
179071164176400384,1
179072486007111680,1
179083074888269824,1
179088081763172352,1
179088985346277376,1
179093432751357952,1
179094263701700608,1
179123089882218496,1
179129721563381760,1
179142908341911552,1
179147594818125824,1
179163646318870528,1
179166520637652992,1
179174438049153024,1
179177817899008000,1
179191399269269504,1
179193894418776064,1
179200227301916672,1
179223874771091456,1
179228832312590336,1
179269335464804352,1
179270833460477952,1
179281942070427648,1
179283032811765760,1
179289926582403072,1
179328636837429248,1
179377151642959872,1
179378391202398208,1
179406071582949376,1
179416427525046272,1
179432388202332160,1
179437470054612992,1
179448220127068160,1
179457835262803968,1
179490218565435392,1
179493561023070208,1
179499956057407488,1
179507540587970560,1
179514597877743616,1
179515192181260288,1
179517486062895104,1
179520178965446656,1
179537173907767296,1
179538285679345664,1
179540615552303104,1
179556925359259648,1
179557456991485952,1
179557778765905920,1
179568980581679104,1
179586873826476032,1
179596249152880640,1
179617840012197888,1
179619109548326912,1
179626734738472960,1
179768579984457728,1
179785772960841728,1
179789885236838400,1
179797409436532736,1
179808649147842560,1
179826517298118656,1
179832515312222208,1
179832701287661568,1
179858229616967680,1
179859725611958272,1
179860685130301440,1
179884079737470976,1
179888246396813312,1
179890603515969536,1
179903000838406144,1
179916330932109312,1
179929430104211456,1
179943404312985600,1
179960127137251328,1
179972892128182272,1
179992659400589312,1
180004867299868672,1
180006371461169152,1
180020762172719104,1
180037955925049344,1
180052459316576256,1
180123554774253568,1
180131566041694208,1
180171931150974976,1
180208110009319424,1
180208129919680512,1
180222586272088064,1
180224462178746368,1
180281575651409920,1
180290117762547712,1
180294144642514944,1
180305130690707456,1
180307073488125952,1
180307534198865920,1
180307990463643648,1
180330614845603840,1
180330851807002624,1
180344000371228672,1
180356910334083072,1
180449051391557632,1
180476373582741504,1
180506309798395904,1
180519714777202688,1
180531181844955136,1
180544144710565888,1
180576504361517056,1
180580234276372480,1
180596565562359808,1
180597292594626560,1
180611626049732608,1
180615879032045568,1
180621220926980096,1
180621738768334848,1
180629011301400576,1
180636354567208960,1
180636627079528448,1
180662133506179072,1
180670170203684864,1
180690511428845568,1
180691835725807616,1
180698603537301504,1
180705258643652608,1
180707685501501440,1
180708971324112896,1
180726268096937984,1
180728744393048064,1
180781006670790656,1
180781524650557440,1
180815316454998016,1
180860896346636288,1
180870160750477312,1
180920160624836608,1
180940603918385152,1
180952715986206720,1
180962341196660736,1
180966916670619648,1
180972741338333184,1
180989868669665280,1
180996403793756160,1
181018533696634880,1
181029564942647296,1
181036194853814272,1
181036202562945024,1
181047686567297024,1
181073371792973824,1
181093143418560512,1
181234755999969280,1
181271511728467968,1
181284995834445824,1
181289284318027776,1
181293922408882176,1
181307608900026368,1
181370801914974208,1
181380372815249408,1
181382194796371968,1
181384118058512384,1
181384888995512320,1
181387204174757888,1
181396684425547776,1
181399642078711808,1
181412537857552384,1
181440303734575104,1
181499343634010112,1
181563177748582400,1
181650319412518912,1
181663062228373504,1
181664626226548736,1
181674233317093376,1
181688097446514688,1
181692161496522752,1
181704110271541248,1
181708052805861376,1
181722187028856832,1
181741620659470336,1
181746941024194560,1
181768128686940160,1
181814148810080256,1
181825074183745536,1
181940245600559104,1
181941584247209984,1
181971132176400384,1
182000143352504320,1
182043252214661120,1
182055177589538816,1
182056498037952512,1
182057877290831872,1
182070053839708160,1
182081057520963584,1
182093516791336960,1
182097854057816064,1
182120798601158656,1
182140987089829888,1
182149382828998656,1
182156530654343168,1
182158931505037312,1
182189124634431488,1
182253029938155520,1
182323013085007872,1
182331663346970624,1
182335730350538752,1
182368784003702784,1
182370910383648768,1
182376409304543232,1
182393408476930048,1
182399121159413760,1
182406658028625920,1
182420974612410368,1
182440753979764736,1
182444867875168256,1
182456212767997952,1
182474576383635456,1
182475678254825472,1
182479530640879616,1
182483366438150144,1
182487067343253504,1
182507652245729280,1
182530704704962560,1
182533247058477056,1
182534758040436736,1
182568253490417664,1
182658032709857280,1
182684878061924352,1
182685154563907584,1
182699052601470976,1
182713074977587200,1
182742563270656000,1
182771124806938624,1
182772476589629440,1
182774084144058368,1
182783026368503808,1
182787548318638080,1
182815381934325760,1
182820543581036544,1
182832512473911296,1
182835750068592640,1
182839767010521088,1
182849300523339776,1
182860464792494080,1
182867599645261824,1
182875328857149440,1
182897560705511424,1
182900178045079552,1
182992719399575552,1
183073328304148480,1
183082561086214144,1
183105108632330240,1
183112927088594944,1
183159397233135616,1
183168884253749248,1
183234155334549504,1
183235788981149696,1
183289883361755136,1
183402620500226048,1
183489440514818048,1
183504577403924480,1
183508486325530624,1
183514719506141184,1
183527083466956800,1
183539733718183936,1
183572944527814656,1
183650939162099712,1
183713976215437312,1
183788512826601472,1
183802256594477056,1
183836121153937408,1
183897347193016320,1
183921905723547648,1
183933500813594624,1
183956596611813376,1
183966807776616448,1
183974438885183488,1
183980864567046144,1
183982720209059840,1
183987920514228224,1
184006561273729024,1
184107133216665600,1
184125909453701120,1
184134827293519872,1
184178635752607744,1
184179670294003712,1
184207813745623040,1
184210360617267200,1
184252315046977536,1
184282099029704704,1
184295884301504512,1
184298905059487744,1
184302814202195968,1
184352728738541568,1
184478955537801216,1
184499352128647168,1
184523731180277760,1
184616359495712768,1
184622368026284032,1
184624577262702592,1
184636592087805952,1
184655441530773504,1
184656503927713792,1
184660470391320576,1
184671791398928384,1
184847857205280768,1
184875078810456064,1
184909351930007552,1
184946274020679680,1
184946675636391936,1
184984819380350976,1
184985987996663808,1
185008328619376640,1
185019178562674688,1
185025049105575936,1
185031390237978624,1
185078918600314880,1
185169032405295104,1
185179902724120576,1
185207436969787392,1
185237590841655296,1
185303100554985472,1
185340222757548032,1
185356097047273472,1
185364764221153280,1
185385912304738304,1
185390050092388352,1
185403064510365696,1
185407774357401600,1
185651747490779136,1
185664795100569600,1
185666419154890752,1
185695351132876800,1
185702049365082112,1
185732784819990528,1
185733558916001792,1
185754283263717376,1
185808875229454336,1
185855352831528960,1
185865140078268416,1
185885081988825088,1
185975864225951744,1
186004342169587712,1
186018551528071168,1
186058886803456000,1
186071494826196992,1
186086784686878720,1
186102257996144640,1
186113031908511744,1
186152069086965760,1
186153273424306176,1
186210093967269888,1
186344320891990016,1
186372080126341120,1
186410748615049216,1
186415609560190976,1
186424484510113792,1
186460951313383424,1
186483786814681088,1
186490945501810688,1
186494581437452288,1
186510824625438720,1
186516039083692032,1
186524897701146624,1
186546062786224128,1
186572214891593728,1
186754737964150784,1
186781019682955264,1
186797818629730304,1
186835394302664704,1
186841707268182016,1
186885049437581312,1
186894665541799936,1
186990224604172288,1
187052512946864128,1
187074350884139008,1
187140947676049408,1
187166639939883008,1
187170922653085696,1
187179897555415040,1
187180057467633664,1
187183276334546944,1
187192483603791872,1
187223949127766016,1
187226532076576768,1
187239421462122496,1
187246225572118528,1
187263724290256896,1
187416598740475904,1
187420843818795008,1
187428635088711680,1
187465716342452224,1
187475262159740928,1
187505753397870592,1
187540408465944576,1
187577698300907520,1
187710873964081152,1
187750624484052992,1
187784383866392576,1
187792196224581632,1
187806564877594624,1
187861144037343232,1
187861573560418304,1
187889250853113856,1
187907806120067072,1
187916615137169408,1
187918209724473344,1
187925445440778240,1
187928866381987840,1
187943824257150976,1
187951034295021568,1
187962343990558720,1
188005060128534528,1
188131497617760256,1
188153548409860096,1
188153881531154432,1
188171927219892224,1
188178106349338624,1
188181794579509248,1
188189746255360000,1
188221811155267584,1
188236671879651328,1
188245842529595392,1
188254809682694144,1
188301201302872064,1
188317591370141696,1
188341367864385536,1
188353051292409856,1
188364277611360256,1
188392847794372608,1
188534604786229248,1
188535427824828416,1
188541876697911296,1
188558812050558976,1
188594245984083968,1
188611440702181376,1
188631468443332608,1
188647952380698624,1
188671499012083712,1
188678987943002112,1
188830809250635776,1
188887057894252544,1
188890872859652096,1
188902086553899008,1
188938940540309504,1
188943895566401536,1
188959455931158528,1
188970212874498048,1
188987290691059712,1
188989177319034880,1
188991350979280896,1
189011725096034304,1
189067688161218560,1
189258303736565760,1
189343893823479808,1
189364734493577216,1
189365503382298624,1
189386254153695232,1
189405962371510272,1
189533837133529088,1
189535999199084544,1
189555559977975808,1
189606836196433920,1
189676275662061568,1
189684647507611648,1
189716504605200384,1
189725086615748608,1
189739325411762176,1
189756888411959296,1
189776133146992640,1
189814845832499200,1
189897382385573888,1
190067257537175552,1
190069548255064064,1
190070431992127488,1
190085382034993152,1
190096266713141248,1
190097698515197952,1
190099468868214784,1
190112868737175552,1
190113450132594688,1
190353392933744640,1
190364147262427136,1
190389924966227968,1
190395019596177408,1
190413712411021312,1
190438222625042432,1
190453223496556544,1
190463780037083136,1
190471042456563712,1
190474469744775168,1
190478023282491392,1
190534472363028480,1
190617202001137664,1
190736489791037440,1
190817141674532864,1
190823048993320960,1
190834269011677184,1
190835868703571968,1
190837999113064448,1
190868861290856448,1
190885151451942912,1
191001995252039680,1
191025779454541824,1
191028515350130688,1
191149461776420864,1
191160286918152192,1
191172545892626432,1
191175091051110400,1
191188079537713152,1
191205169754230784,1
191420390818889728,1
191433592660742144,1
191467136895012864,1
191502482712154112,1
191513290469748736,1
191562705480200192,1
191587733148057600,1
191622778139951104,1
191709972353241088,1
191782447344422912,1
191798611695280128,1
191807658876268544,1
191879452250791936,1
191879752267542528,1
191887414668824576,1
191917086137266176,1
192091895853805568,1
192094751404105728,1
192146374709252096,1
192151281244401664,1
192231369308344320,1
192237683726499840,1
192237969031925760,1
192243208466993152,1
192294944639111168,1
192350462518181888,1
192439475687333888,1
192504569141637120,1
192508666769596416,1
192519536674807808,1
192558027042357248,1
192561460748836864,1
192630230181998592,1
192636501582778368,1
192644092085686272,1
192706494966341632,1
192884626103459840,1
192894211535368192,1
192962236431216640,1
192998508618907648,1
193019495223590912,1
193022592816799744,1
193052241683906560,1
193071050863312896,1
193154453137883136,1
193189023115022336,1
193200186077442048,1
193223078666080256,1
193248289798193152,1
193256811061690368,1
193279608170831872,1
193279628502806528,1
193314483757101056,1
193331524417372160,1
193374010184589312,1
193379723032920064,1
193531174542123008,1
193537649456439296,1
193645676358848512,1
193723515721134080,1
193746882113867776,1
193792028669784064,1
194060350312194048,1
194084820494671872,1
194112041966268416,1
194124193251016704,1
194133894166814720,1
194169588646858752,1
194250402072788992,1
194298896358424576,1
194328072042680320,1
194334853405216768,1
194391531161141248,1
194449090749759488,1
194459561418240000,1
194464287469551616,1
194476008431153152,1
194485581355298816,1
194489353025335296,1
194550253569404928,1
194624087902576640,1
194754852450377728,1
194759725628985344,1
194787207742107648,1
195032092975382528,1
195052728450744320,1
195108024613380096,1
195131246032793600,1
195153465513013248,1
195154159747952640,1
195338811573317632,1
195373148294356992,1
195427420525359104,1
195435707678126080,1
195455059598393344,1
195482993213321216,1
195509843098591232,1
195553022367662080,1
195556974530375680,1
195568152866205696,1
195572300705787904,1
195594004643643392,1
195801340277776384,1
195861014806798336,1
195886412838498304,1
195911700240523264,1
195915055374024704,1
195946890456502272,1
195981259767025664,1
196123213528698880,1
196153544184365056,1
196186000311173120,1
196242547259727872,1
196254949420507136,1
196270362490236928,1
196307723802431488,1
196414597635231744,1
196520578799104000,1
196576135229853696,1
196577755030028288,1
196671084156547072,1
196671582946648064,1
196683375413628928,1
196721110608281600,1
196848605003677696,1
196856655804805120,1
196880156283965440,1
196937294278651904,1
196966680635293696,1
197000867992526848,1
197010222182703104,1
197014789927350272,1
197097449625960448,1
197188495847952384,1
197228275082551296,1
197266236093214720,1
197307140136353792,1
197318765044510720,1
197329156398551040,1
197457957469474816,1
197529311307419648,1
197575018262863872,1
197704769245995008,1
197719407640092672,1
197979938607738880,1
198009249650380800,1
198029264395497472,1
198081106081591296,1
198082988881977344,1
198264061082374144,1
198335250481532928,1
198582547802865664,1
198610649983598592,1
198652456184029184,1
198661856958898176,1
198689130001670144,1
198769731921924096,1
198771185007472640,1
198828002747699200,1
199003844454789120,1
199136127426826240,1
199157553268760576,1
199328211335868416,1
199343244286144512,1
199358478067412992,1
199408118687252480,1
199414287602761728,1
199454040434749440,1
199476449189195776,1
199512935286079488,1
199583027908206592,1
199610246407634944,1
199668569905733632,1
199677499112206336,1
199728731968622592,1
199808252895272960,1
199844501429018624,1
199872642283511808,1
200070858643259392,1
200159379565166592,1
200178286837387264,1
200217224045502464,1
200237449617707008,1
200259516115783680,1
200290562491834368,1
200313076864159744,1
200452897860915200,1
200560025588785152,1
200628860590313472,1
200922255770550272,1
200928708257861632,1
200990373459320832,1
201049430125420544,1
201178696909406208,1
201210720477364224,1
201324619534811136,1
201334744411320320,1
201530949578891264,1
201540713785356288,1
201595608507383808,1
201627922315431936,1
201634487522648064,1
201658983222886400,1
201744415529426944,1
201770778230448128,1
201866331675942912,1
202052070151979008,1
202109857043030016,1
202109980514856960,1
202151978295615488,1
202260083537936384,1
202285892043984896,1
202370281218985984,1
202389782640467968,1
202401610598838272,1
202431276553072640,1
202434263198478336,1
202598293539794944,1
202659756644913152,1
202660377510363136,1
202701676907831296,1
202715872724836352,1
202722939505553408,1
202723475121586176,1
202802024356409344,1
202812982637277184,1
202976783674769408,1
203003609265479680,1
203022117784207360,1
203030249309868032,1
203056717925023744,1
203061640364490752,1
203209622151262208,1
203373194436788224,1
203383606499274752,1
203391192408817664,1
203395037768003584,1
203456928806367232,1
203457429473193984,1
203458255965622272,1
203472797152133120,1
203472914232139776,1
203487908213977088,1
203490630689632256,1
203495867745734656,1
203507671776116736,1
203508290300772352,1
203519133032075264,1
203522395312893952,1
203534791681073152,1
203557152392835072,1
203718548688408576,1
203735815331131392,1
203760140156067840,1
203776323882844160,1
203793047289360384,1
203805110018727936,1
203836111281418240,1
203838264764399616,1
203865667905191936,1
203871574503673856,1
203896110116810752,1
203903186663739392,1
203907574846742528,1
203928870035693568,1
203938685745442816,1
203986347452571648,1
204062734627192832,1
204072531608887296,1
204081618079043584,1
204108448331915264,1
204150427333382144,1
204156917947723776,1
204205430513704960,1
204225093615517696,1
204225561002512384,1
204228655779311616,1
204231155591036928,1
204260333360738304,1
204287983778918400,1
204298196034371584,1
204508383310991360,1
204563167507349504,1
204578792675213312,1
204619031541018624,1
204639070161522688,1
204809403654889472,1
204829021138837504,1
204908068789772288,1
204930766985834496,1
204936988353052672,1
204968498940424192,1
205048670007468032,1
205170699497508864,1
205171954388951040,1
205187257673662464,1
205225589190504448,1
205257510062235648,1
205300159631339520,1
205302794307891200,1
205309370006646784,1
205357628973715456,1
205384276720037888,1
205460559128420352,1
205501298350137344,1
205524984517718016,1
205533505369239552,1
205534795937210368,1
205536670646046720,1
205558908091994112,1
205571806703480832,1
205579390286995456,1
205583305197817856,1
205587677632163840,1
205595777328312320,1
205596696445624320,1
205623133811343360,1
205670782232211456,1
205684178019536896,1
205700362152603648,1
205730776081092608,1
205768273589547008,1
205882931519635456,1
205923086587420672,1
205977167610638336,1
205985029917122560,1
206003532754526208,1
206010694727909376,1
206037240314822656,1
206042781213421568,1
206079947717615616,1
206081884889628672,1
206083251382870016,1
206106929778020352,1
206203002284191744,1
206230194199003136,1
206265253790826496,1
206345515574280192,1
206355216951701504,1
206358244499255296,1
206365704138977280,1
206365833322881024,1
206375092206383104,1
206382140021661696,1
206399292362199040,1
206402769108434944,1
206414300144578560,1
206427007600205824,1
206445052447436800,1
206455008158601216,1
206463626141437952,1
206506043582545920,1
206609332777619456,1
206689884447125504,1
206709144427876352,1
206710393955311616,1
206719868326883328,1
206722992675483648,1
206728890224693248,1
206742384072744960,1
206748433715339264,1
206757014746603520,1
206786143725416448,1
206787199363973120,1
206804595586592768,1
206810432004599808,1
206818871862235136,1
206829566076067840,1
206834483342770176,1
206930969208877056,1
206977005828734976,1
206997696862920704,1
207034028062089216,1
207047836273586176,1
207048043443634176,1
207066235679928320,1
207068285451870208,1
207069205656424448,1
207075316163387392,1
207088169881632768,1
207094330784563200,1
207096934440538112,1
207109571920138240,1
207128923218694144,1
207301845930176512,1
207369347989938176,1
207376617947250688,1
207386593207328768,1
207390812369002496,1
207407481913298944,1
207408328324243456,1
207428429281058816,1
207436468560793600,1
207442922858110976,1
207445315324702720,1
207455777390268416,1
207469449952145408,1
207483932537389056,1
207490283058475008,1
207491820494233600,1
207492553114599424,1
207499998779371520,1
207500525399982080,1
207523090656722944,1
207579383755984896,1
207649474529558528,1
207710343256088576,1
207740512719069184,1
207761343964434432,1
207775309863878656,1
207810705802096640,1
207821144227110912,1
207826080048541696,1
207845544410128384,1
207851807343591424,1
207857041499889664,1
207866444147814400,1
207867939875594240,1
207881853551513600,1
207882603300339712,1
207911714311114752,1
207919572724342784,1
208026000191598592,1
208076551972298752,1
208087899255595008,1
208109056114098176,1
208184104247406592,1
208186669149630464,1
208187405126332416,1
208187647415889920,1
208190512091877376,1
208208613124972544,1
208215669908574208,1
208229592977317888,1
208229927825379328,1
208287007842562048,1
208298358957015040,1
208394359495139328,1
208431163114450944,1
208438205567389696,1
208445732682252288,1
208459249440444416,1
208467798572277760,1
208492425008349184,1
208521225451372544,1
208543995690045440,1
208547214782742528,1
208553018047475712,1
208553083997675520,1
208558603859759104,1
208567287716519936,1
208576079845625856,1
208600656020361216,1
208606469212422144,1
208636111347527680,1
208803147228512256,1
208808931584778240,1
208809732835192832,1
208847042212634624,1
208858073381978112,1
208858376357470208,1
208892545751687168,1
208894192982069248,1
208898983364415488,1
208903105704292352,1
208906223199027200,1
208918643698651136,1
208922069865873408,1
208947386113155072,1
208995317075566592,1
209004694970380288,1
209093173847314432,1
209174359691534336,1
209175280158220288,1
209200754614018048,1
209215669307777024,1
209247352727044096,1
209268947454111744,1
209280624160456704,1
209294239499190272,1
209297971521851392,1
209318056127422464,1
209344025490329600,1
209346700373704704,1
209352816883322880,1
209428278583750656,1
209485421700796416,1
209493489765347328,1
209509650931691520,1
209542532092293120,1
209546789637636096,1
209554583432679424,1
209560452848250880,1
209580028488912896,1
209598759978688512,1
209619117416038400,1
209648371019063296,1
209649564897251328,1
209690132854546432,1
209698295557107712,1
209759145306927104,1
209783354248220672,1
209815569588641792,1
209820388770922496,1
209845844093820928,1
209850819835932672,1
209854874289074176,1
209878395939213312,1
209888217654063104,1
209899003581063168,1
209902249530331136,1
209918445770936320,1
209930763153956864,1
209954681509654528,1
209955445215592448,1
209964037139095552,1
209979531416317952,1
209979652375384064,1
210007845970780160,1
210024260725284864,1
210029300576038912,1
210033587145441280,1
210037036406038528,1
210056875426168832,1
210068478324367360,1
210091596174610432,1
210151783054192640,1
210253287767601152,1
210268161989242880,1
210271605495574528,1
210285718825979904,1
210297945437978624,1
210326758504013824,1
210345750727974912,1
210356710513541120,1
210361488718184448,1
210375463771500544,1
210403050427822080,1
210410877576450048,1
210417792035745792,1
210418965752745984,1
210434551970004992,1
210444197253820416,1
210476839021125632,1
210575610657656832,1
210581858062413824,1
210582480218722304,1
210657667309060096,1
210667285704552448,1
210672480266510336,1
210673906920562688,1
210690255602855936,1
210691790287151104,1
210692050010804224,1
210703172083699712,1
210706922045505536,1
210723530390237184,1
210735431590637568,1
210746301117808640,1
210752163230044160,1
210752342092689408,1
210752884836663296,1
210767619170754560,1
210795018858848256,1
210820786235039744,1
210828512556064768,1
210961910543695872,1
211019453070000128,1
211028531211661312,1
211045903160578048,1
211076542599483392,1
211079756117184512,1
211097535991099392,1
211113171770077184,1
211127710474313728,1
211127747618279424,1
211128459914108928,1
211138488200491008,1
211152923656237056,1
211159206843764736,1
211208570834640896,1
211221262481002496,1
211319635032186880,1
211328635358101504,1
211357129534197760,1
211358411976409088,1
211367641669439488,1
211378548323926016,1
211387228763049984,1
211399690266816512,1
211415435124490240,1
211437795681226752,1
211444217804361728,1
211448771450454016,1
211450422703628288,1
211452407155523584,1
211452987821735936,1
211493741476089856,1
211502155356385280,1
211524426681655296,1
211530830903734272,1
211533425905590272,1
211632959911092224,1
211692672826650624,1
211696799573454848,1
211762158484119552,1
211774951757631488,1
211780229310353408,1
211794809014001664,1
211804320653250560,1
211838662683054080,1
211852881893523456,1
211854056608387072,1
211900739383975936,1
211907697440468992,1
211910221582921728,1
212009736885014528,1
212033125523025920,1
212052027044454400,1
212054083072925696,1
212110039877541888,1
212132022193745920,1
212159026972483584,1
212167735281319936,1
212189910744006656,1
212199380662845440,1
212207283772792832,1
212210870043303936,1
212212223667261440,1
212219798643720192,1
212244838581248000,1
212251492610052096,1
212264044708524032,1
212272942330368000,1
212273113622851584,1
212363995924590592,1
212401566511296512,1
212440233965203456,1
212456362727653376,1
212473347701325824,1
212482496430190592,1
212504891327451136,1
212505636072685568,1
212509027331633152,1
212522065112911872,1
212534502996054016,1
212541677785190400,1
212545779355373568,1
212566932784922624,1
212567757843185664,1
212577218105016320,1
212600322865111040,1
212787274391879680,1
212808625805033472,1
212812535284994048,1
212844758519230464,1
212849185797144576,1
212871277197185024,1
212921011899662336,1
212928007828877312,1
212939875442036736,1
212948463964405760,1
212987888036413440,1
213096650295316480,1
213116500212191232,1
213132793052803072,1
213169991005900800,1
213192566251356160,1
213221120757538816,1
213222061372981248,1
213241449096065024,1
213272752353447936,1
213308084256026624,1
213316079966089216,1
213319642041331712,1
213333170619351040,1
213440284993978368,1
213466171487485952,1
213486697173450752,1
213488364144889856,1
213498567952138240,1
213498787582300160,1
213526207598759936,1
213533551686021120,1
213544333373128704,1
213549827328638976,1
213557295402582016,1
213585715979976704,1
213593087404601344,1
213603128355155968,1
213605325625294848,1
213633863835869184,1
213649856672161792,1
213653099321942016,1
213692920199892992,1
213712954403889152,1
213753137074503680,1
213848180446609408,1
213848862068862976,1
213889450304581632,1
213893136697970688,1
213909038070439936,1
213913863837843456,1
213921833844355072,1
213926081703587840,1
213955489457307648,1
213957669229019136,1
213968487341154304,1
213969556658716672,1
213984874925563904,1
214007946352521216,1
214016460803706880,1
214017791936356352,1
214026395674595328,1
214027797586681856,1
214033839931187200,1
214049819186524160,1
214055023074381824,1
214179053245349888,1
214199209731469312,1
214227250838208512,1
214235596774817792,1
214236781622501376,1
214247188484186112,1
214281490049003520,1
214293541165965312,1
214308670051438592,1
214310388833259520,1
214318827869515776,1
214345389336760320,1
214362519054630912,1
214382640977293312,1
214391215455576064,1
214407800888492032,1
214464342487748608,1
214483631107039232,1
214504005331542016,1
214622279996010496,1
214642382856413184,1
214643031811784704,1
214654004484673536,1
214661362437955584,1
214671533153341440,1
214686755983183872,1
214713196890333184,1
214714224154640384,1
214731061441708032,1
214733103893516288,1
214740625220276224,1
214748274610589696,1
214762847825727488,1
214766270511005696,1
214782678641917952,1
214784306570747904,1
214784915992006656,1
214907160673677312,1
214940379530821632,1
214952229702725632,1
214953195510566912,1
214957219468025856,1
214960709013463040,1
214962396529143808,1
214969819797069824,1
214997533247139840,1
215003273845276672,1
215031415006146560,1
215031718054924288,1
215035724927062016,1
215046666630201344,1
215048707451895808,1
215070959296016384,1
215075243166060544,1
215092272783298560,1
215109244501299200,1
215110301472612352,1
215117495363153920,1
215122418975457280,1
215123375194976256,1
215130074302164992,1
215149032248496128,1
215311408760217600,1
215311917454774272,1
215335261754454016,1
215343415729094656,1
215357265697918976,1
215378684458749952,1
215395714259447808,1
215399368884301824,1
215400459457925120,1
215411948003135488,1
215415137516441600,1
215415951752720384,1
215421428998987776,1
215432061263101952,1
215442475161915392,1
215445628220141568,1
215458598540668928,1
215461230557581312,1
215467724356141056,1
215471831943049216,1
215471998944411648,1
215474586425077760,1
215483720813654016,1
215487574736297984,1
215495935329857536,1
215600954577395712,1
215617545411416064,1
215637937487908864,1
215640517002231808,1
215675935114649600,1
215703471710310400,1
215746112773992448,1
215752290845954048,1
215757592014536704,1
215766699822489600,1
215779973736714240,1
215790279129550848,1
215800159255502848,1
215822541933522944,1
215824057348009984,1
215827257762910208,1
215841014069624832,1
215857722419261440,1
215875986691321856,1
215884538567794688,1
215896746808012800,1
215903297664442368,1
216012882840752128,1
216065083767439360,1
216110523461521408,1
216120390022852608,1
216132378000846848,1
216143132641374208,1
216148467989737472,1
216149283867131904,1
216149701308825600,1
216166867449331712,1
216168280670076928,1
216179752157667328,1
216206892980850688,1
216208632582062080,1
216213050435674112,1
216229353237622784,1
216235064941596672,1
216245719414124544,1
216247217296953344,1
216298014096556032,1
216317626145198080,1
216408743356391424,1
216413518137671680,1
216434784383217664,1
216501722169425920,1
216511392060428288,1
216519148025741312,1
216521980417179648,1
216528172747239424,1
216534066579898368,1
216544245734281216,1
216545813540282368,1
216551468846686208,1
216564322063241216,1
216566013563678720,1
216571586284126208,1
216577298916827136,1
216579318574825472,1
216579822079475712,1
216620500418916352,1
216689164212285440,1
216710206999126016,1
216723440960299008,1
216755655769309184,1
216776736571351040,1
216796181175234560,1
216827029220823040,1
216846322913161216,1
216847850324238336,1
216878043491913728,1
216881565564477440,1
216884917381718016,1
216892043743363072,1
216895165593354240,1
216900162322153472,1
216900476412641280,1
216910971202703360,1
216911178855124992,1
216912608825225216,1
216921999018377216,1
217078578177679360,1
217102632264163328,1
217138841318387712,1
217159481989095424,1
217172434083303424,1
217176287605653504,1
217185969469038592,1
217187508912046080,1
217196209011949568,1
217198706530377728,1
217201579281674240,1
217204820910977024,1
217206412450959360,1
217240873119748096,1
217249004059942912,1
217278192278933504,1
217291774052474880,1
217296786302865408,1
217325764946386944,1
217332866948624384,1
217341479789920256,1
217358588460318720,1
217425978023755776,1
217438593393709056,1
217442956075970560,1
217523028659552256,1
217529913944363008,1
217544632710344704,1
217549285940994048,1
217566528161337344,1
217571106627424256,1
217574393439248384,1
217591701675577344,1
217592033909395456,1
217602220075417600,1
217605687335157760,1
217619633134350336,1
217629717018894336,1
217635514309595136,1
217642268039671808,1
217647208813899776,1
217649452612833280,1
217655799018090496,1
217660165798662144,1
217668497937154048,1
217672221397778432,1
217674147884675072,1
217677289047224320,1
217696202006904832,1
217712021281992704,1
217725062255034368,1
217820663681957888,1
217837823393148928,1
217857094878904320,1
217865272868212736,1
217891962062729216,1
217894995008413696,1
217918364977430528,1
217919059968700416,1
217954152954003456,1
217957246533365760,1
217965807297130496,1
217966791943282688,1
218006474486550528,1
218017468333236224,1
218059471534510080,1
218191594659000320,1
218204316805902336,1
218237398610403328,1
218245492509061120,1
218253950083633152,1
218269077017731072,1
218269695032041472,1
218299020019638272,1
218308323397074944,1
218312343813664768,1
218321394041159680,1
218326470528544768,1
218337131809558528,1
218351350721060864,1
218356524224032768,1
218398929588572160,1
218402023323475968,1
218404735133589504,1
218414446693740544,1
218442540383596544,1
218561177877364736,1
218567398082826240,1
218588141798592512,1
218606689195692032,1
218607940145713152,1
218643624226983936,1
218654450228617216,1
218656203464581120,1
218670168248643584,1
218691658259595264,1
218708075378950144,1
218739499350142976,1
218749886998396928,1
218762583258947584,1
218779357943545856,1
218781078846947328,1
218814461907390464,1
218896300190449664,1
218896943168892928,1
218930456739401728,1
218949280721641472,1
218952629362098176,1
218959056875708416,1
218966640990941184,1
218979125270077440,1
218989775202680832,1
218996916998078464,1
219004590679752704,1
219020972860846080,1
219041875760525312,1
219052666144694272,1
219068662893019136,1
219075449445076992,1
219086804962451456,1
219089866577907712,1
219093024539480064,1
219098570928480256,1
219113860735410176,1
219116822838611968,1
219117405441732608,1
219130198266114048,1
219131071884451840,1
219131441009250304,1
219135782502883328,1
219143897373675520,1
219154931831422976,1
219155766337368064,1
219276673309356032,1
219317439547498496,1
219340090903838720,1
219358241459757056,1
219418171950952448,1
219423881473744896,1
219437177458388992,1
219437466278146048,1
219438889907433472,1
219455904914464768,1
219469505137500160,1
219475285915557888,1
219496748714364928,1
219519239769948160,1
219612466226044928,1
219630658939105280,1
219633445312569344,1
219727294026838016,1
219749872685113344,1
219753905941577728,1
219758925063561216,1
219759071238037504,1
219761354000863232,1
219762141097230336,1
219779173837119488,1
219797316988325888,1
219807571359985664,1
219808010036436992,1
219820512080842752,1
219838237555728384,1
219839267371655168,1
219839839816577024,1
219846545113214976,1
219867370833448960,1
220008092893880320,1
220037657484533760,1
220050654739632128,1
220058855879503872,1
220074155061219328,1
220091543231524864,1
220091955681398784,1
220101026813775872,1
220122112520826880,1
220136687352995840,1
220138590883987456,1
220149230837362688,1
220158639072768000,1
220171278628347904,1
220173396267466752,1
220180505610960896,1
220184467860291584,1
220190311887716352,1
220191913250136064,1
220232945036607488,1
220243591527645184,1
220375877485498368,1
220376101944483840,1
220384698766446592,1
220386226976833536,1
220398005257703424,1
220405619985940480,1
220437937848573952,1
220442319126564864,1
220453672692289536,1
220457954584997888,1
220459578489491456,1
220462624850071552,1
220463241263804416,1
220463785564585984,1
220465027971125248,1
220469270366277632,1
220488039728480256,1
220493076437753856,1
220503667680604160,1
220504393135378432,1
220515082013601792,1
220515459971551232,1
220530174837346304,1
220540383240880128,1
220540998238162944,1
220541348764225536,1
220546899982487552,1
220561889927340032,1
220567342297419776,1
220587834010243072,1
220593937342574592,1
220654521520041984,1
220724349509296128,1
220771951409803264,1
220777214771638272,1
220783802584809472,1
220786981172469760,1
220804564663549952,1
220808909028904960,1
220814972699463680,1
220822737565327360,1
220828957563498496,1
220830062168076288,1
220830618410737664,1
220839138966958080,1
220853412231708672,1
220878528612757504,1
220903685220831232,1
220913893206192128,1
220927416634302464,1
220937806935146496,1
220937847415681024,1
221088117626281984,1
221129855911976960,1
221144751416238080,1
221149107763621888,1
221166437104508928,1
221179427777138688,1
221179926681370624,1
221187908852420608,1
221193911333920768,1
221197617108545536,1
221205690857279488,1
221218921688535040,1
221264302922727424,1
221284077836775424,1
221322791230226432,1
221334437305540608,1
221396257408958464,1
221410572980908032,1
221466665752498176,1
221480155942273024,1
221482986295222272,1
221504354997874688,1
221533880279683072,1
221535444429045760,1
221535655357140992,1
221541317991682048,1
221553209642995712,1
221560625718300672,1
221563255821422592,1
221566030419943424,1
221569102484234240,1
221588723700510720,1
221594740030672896,1
221602597162127360,1
221610651234496512,1
221612571712729088,1
221620033108123648,1
221621314155479040,1
221621545371267072,1
221626456482668544,1
221635578653978624,1
221637669084844032,1
221644405835386880,1
221650731372802048,1
221663426863456256,1
221677433706070016,1
221681585964138496,1
221716852562485248,1
221778977108713472,1
221803451522027520,1
221863587434082304,1
221887566287327232,1
221894932730658816,1
221901763315642368,1
221907574290157568,1
221918727164661760,1
221925622529642496,1
221926056913137664,1
221932996757069824,1
221940992214196224,1
221942250234671104,1
221958395685765120,1
221964733729701888,1
221965232644231168,1
221976782938898432,1
221996642293092352,1
221998633313718272,1
221999747398914048,1
222006296938704896,1
222026710128676864,1
222033119337598976,1
222039335027499008,1
222050396545310720,1
222077756534353920,1
222132793152634880,1
222175036241080320,1
222187838912860160,1
222199865837035520,1
222210300114309120,1
222218672305483776,1
222228109938438144,1
222232407025274880,1
222258033265938432,1
222263953683521536,1
222271768941473792,1
222271834437799936,1
222274581041811456,1
222280872798253056,1
222294080638550016,1
222297562080964608,1
222303543228411904,1
222308757001834496,1
222315751802392576,1
222322975272300544,1
222325223109058560,1
222334760499879936,1
222341344975065088,1
222363688606441472,1
222381555662413824,1
222508264060481536,1
222516122130141184,1
222518506194358272,1
222525754162561024,1
222539444446846976,1
222565769839783936,1
222571415680475136,1
222576094386413568,1
222603856318623744,1
222603935978778624,1
222606509786054656,1
222611171260530688,1
222613400190787584,1
222623292453982208,1
222624697425395712,1
222627552693252096,1
222630544480571392,1
222633787758018560,1
222644255312277504,1
222650143666147328,1
222653529238552576,1
222682493041639424,1
222684421946888192,1
222685452224958464,1
222702610080878592,1
222719283683782656,1
222722382706180096,1
222726078137683968,1
222729003642626048,1
222749570865184768,1
222789653330370560,1
222871165774356480,1
222873998127722496,1
222878058218315776,1
222883152706347008,1
222897100880896000,1
222920475939692544,1
222960539820929024,1
222973095103021056,1
222979318057603072,1
222982606546259968,1
222989058143133696,1
222991110201610240,1
222994823058063360,1
222996336420610048,1
222999358942883840,1
223000739150426112,1
223004979964170240,1
223007523395502080,1
223018934778990592,1
223041142046261248,1
223049804641955840,1
223055828459446272,1
223068337501409280,1
223068871137099776,1
223070141154713600,1
223086278761590784,1
223093324209717248,1
223101832941424640,1
223102635476807680,1
223109014872788992,1
223110306173980672,1
223111069189353472,1
223112200280600576,1
223114621063938048,1
223116243777761280,1
223134173963108352,1
223225745022140416,1
223232416104579072,1
223261032817160192,1
223284327708352512,1
223289804685381632,1
223293577523445760,1
223295191456604160,1
223304559173828608,1
223325288614703104,1
223340519252443136,1
223355296873254912,1
223368451223900160,1
223370357719187456,1
223371048427012096,1
223379095710482432,1
223381997641457664,1
223383526297153536,1
223396715806978048,1
223402882924388352,1
223411791873265664,1
223416016186785792,1
223416374520848384,1
223423422766133248,1
223433814760628224,1
223434005282349056,1
223441052318380032,1
223461129411735552,1
223462344569249792,1
223466356554596352,1
223469021095936000,1
223476511001931776,1
223541962931429376,1
223632991867879424,1
223673995949813760,1
223688743598518272,1
223700050162532352,1
223702613535125504,1
223719015259803648,1
223734430092124160,1
223747060602634240,1
223749160719142912,1
223751873008656384,1
223758129735159808,1
223795999303237632,1
223796397611036672,1
223812668835565568,1
223816815184384000,1
223830426169188352,1
223839723923857408,1
223873622429683712,1
223879831357894656,1
223932635207999488,1
223957246421409792,1
224011687027507200,1
224021698731425792,1
224026679736262656,1
224029580741722112,1
224048163694026752,1
224054005887209472,1
224062142245670912,1
224070073273114624,1
224072732938792960,1
224095746376503296,1
224095979115384832,1
224107914533785600,1
224108223129829376,1
224111383475310592,1
224114258037739520,1
224117950980259840,1
224130270598086656,1
224130865207840768,1
224140979676196864,1
224152387379572736,1
224153095911124992,1
224164194017701888,1
224166376279580672,1
224166681031819264,1
224170587900657664,1
224185427261104128,1
224186923643281408,1
224187984440643584,1
224195010930577408,1
224205200544968704,1
224210054242390016,1
224211040136720384,1
224211047547768832,1
224219936392876032,1
224226426778955776,1
224229879441805312,1
224244626224529408,1
224256367133954048,1
224291698717757440,1
224389074406543360,1
224402278737395712,1
224416754833694720,1
224419407258411008,1
224420863851962368,1
224422059670577152,1
224424143968284672,1
224428349014708224,1
224441124013391872,1
224458185153662976,1
224469965496745984,1
224470183577362432,1
224477441941217280,1
224479459881840640,1
224482283666927616,1
224494437517783040,1
224500564323020800,1
224500993236549632,1
224502919206404096,1
224506892087386112,1
224512377481445376,1
224521581184729088,1
224526791343906816,1
224527251693899776,1
224531725873913856,1
224536513724489728,1
224536537219964928,1
224552448924442624,1
224554072755515392,1
224555286633476096,1
224572753175961600,1
224599096998682624,1
224625809278943232,1
224663269643583488,1
224696621513220096,1
224715618654654464,1
224725039627943936,1
224725286295162880,1
224730014422806528,1
224749934101950464,1
224755095762079744,1
224762970043801600,1
224765509638270976,1
224777743607042048,1
224789550080311296,1
224790981496459264,1
224802380738396160,1
224808669663559680,1
224812838974238720,1
224816462391685120,1
224818762915733504,1
224820637312614400,1
224824645520035840,1
224830455917244416,1
224847361664892928,1
224848525569396736,1
224853143363702784,1
224873295676432384,1
224875401495326720,1
224877312268718080,1
224878077795909632,1
224879022732488704,1
224881337059528704,1
224882735669522432,1
224883002004856832,1
224888028098342912,1
224910672129306624,1
224912410932957184,1
224917503275376640,1
224924332745785344,1
224924365540163584,1
224929150955053056,1
224930785965826048,1
224933051526635520,1
224940665870032896,1
225016272320462848,1
225016542966525952,1
225037678514589696,1
225045446557503488,1
225049722282639360,1
225103664114094080,1
225129764292575232,1
225132477837234176,1
225133252270493696,1
225193235800641536,1
225197239485796352,1
225202600111665152,1
225209234798870528,1
225212498966679552,1
225214264676360192,1
225217604986683392,1
225217768920231936,1
225220069227593728,1
225221427747930112,1
225239594050547712,1
225245422043049984,1
225247733882933248,1
225248495195779072,1
225248849304571904,1
225251377574629376,1
225252070041419776,1
225253384925433856,1
225257888426078208,1
225261827887173632,1
225268389046251520,1
225272135794053120,1
225272257602183168,1
225272654085578752,1
225281233506000896,1
225311660112216064,1
225339637058457600,1
225383504453156864,1
225441106046681088,1
225457239998570496,1
225461300702535680,1
225464794487128064,1
225484494187220992,1
225486706463440896,1
225487119702417408,1
225491653554696192,1
225491822999048192,1
225500888536993792,1
225504504817967104,1
225509893684264960,1
225528384898887680,1
225540017357811712,1
225544039636348928,1
225547140100517888,1
225551180109180928,1
225561928873885696,1
225564677973983232,1
225570945322254336,1
225571605284511744,1
225578059211370496,1
225581643816009728,1
225595049265422336,1
225595226496987136,1
225602750062747648,1
225602755248967680,1
225603831088553984,1
225627965360898048,1
225641249056231424,1
225643660428288000,1
225643766552723456,1
225649184196358144,1
225654686582075392,1
225665862576046080,1
225713533764653056,1
225724273535598592,1
225767506326466560,1
225802884163604480,1
225811905737310208,1
225837496702693376,1
225841501502365696,1
225848825909735424,1
225859151953870848,1
225873281347219456,1
225876306864111616,1
225882828001939456,1
225888107380592640,1
225892326480523264,1
225909707859877888,1
225914627781144576,1
225927034052681728,1
225929399024750592,1
225933821499908096,1
225950606715310080,1
225951391610109952,1
225955424014798848,1
225961384263450624,1
225966580264333312,1
225967810561077248,1
225970596888989696,1
225977062345289728,1
225984788219936768,1
225998946897207296,1
226003530813857792,1
226013339565387776,1
226014637485477888,1
226019092032610304,1
226019887628124160,1
226024115174846464,1
226028925346226176,1
226044802808700928,1
226060951050174464,1
226073500879306752,1
226135596857102336,1
226149543520677888,1
226151887033741312,1
226171674204078080,1
226180005261770752,1
226184273756315648,1
226210224909377536,1
226211788858404864,1
226212861229350912,1
226217487162290176,1
226219122456150016,1
226219859513475072,1
226230920475631616,1
226232860805705728,1
226237927304511488,1
226240382855675904,1
226245308911427584,1
226255609323536384,1
226256363598827520,1
226261478092722176,1
226262197525684224,1
226265353487671296,1
226266020152877056,1
226270078710624256,1
226273796082982912,1
226275577006891008,1
226280551318384640,1
226284468216999936,1
226287783945854976,1
226291572838404096,1
226295509094948864,1
226305027507818496,1
226312361262686208,1
226320438310043648,1
226320925814210560,1
226322584955494400,1
226327381371678720,1
226334507501486080,1
226340807374327808,1
226341726460366848,1
226342048904462336,1
226355425963171840,1
226362069716004864,1
226363951993159680,1
226383021172789248,1
226383757764079616,1
226491897741094912,1
226519395884793856,1
226520639189327872,1
226556620923191296,1
226576453860319232,1
226585342107987968,1
226591576643362816,1
226604413196996608,1
226608995321991168,1
226628626078240768,1
226635171007520768,1
226645849852346368,1
226646165381500928,1
226679044297535488,1
226679755941216256,1
226680814089867264,1
226684128513630208,1
226686038690189312,1
226687517581955072,1
226690048280264704,1
226692080213635072,1
226699633009692672,1
226707250172538880,1
226707458918416384,1
226710486886936576,1
226716879123058688,1
226725492305428480,1
226729292387491840,1
226737011282534400,1
226740716293685248,1
226744117980901376,1
226745937689903104,1
226747148084088832,1
226747564998807552,1
226751540094197760,1
226757826255351808,1
226768273500270592,1
226793863688863744,1
226797434575839232,1
226800587676348416,1
226866559416102912,1
226869318971195392,1
226903847970177024,1
226917029738565632,1
226919084707303424,1
226929502018498560,1
226940225903362048,1
226953408677130240,1
226960677906866176,1
226966843370180608,1
226968189758279680,1
226973736661585920,1
226973959009902592,1
226982180234764288,1
226984168245747712,1
226999943341522944,1
227008814633582592,1
227016558202617856,1
227024854873788416,1
227025224944553984,1
227026422486102016,1
227029313121357824,1
227030315038228480,1
227030773193129984,1
227034322132684800,1
227044238345379840,1
227049403190538240,1
227049623645560832,1
227059110606979072,1
227062356163493888,1
227067871536635904,1
227070105092165632,1
227076505511399424,1
227080080009510912,1
227093004489555968,1
227098973340237824,1
227124635286835200,1
227134753737453568,1
227251434675122176,1
227259599215722496,1
227266563523239936,1
227268344475705344,1
227271369825955840,1
227281042938462208,1
227282922783789056,1
227285211836801024,1
227298757874884608,1
227313046140010496,1
227314257559760896,1
227321811086675968,1
227324702595764224,1
227327945676054528,1
227343964441645056,1
227347709874266112,1
227351583728918528,1
227368231872221184,1
227386774930038784,1
227388073241772032,1
227388817283338240,1
227389305638912000,1
227390039962525696,1
227391483699421184,1
227393321316237312,1
227397489943019520,1
227398518282272768,1
227406833408184320,1
227437585079308288,1
227448459122167808,1
227450252501110784,1
227460251546779648,1
227476079650275328,1
227482343584854016,1
227482939333496832,1
227485672638533632,1
227490474533376000,1
227493572114743296,1
227516936286973952,1
227550914432618496,1
227597612879904768,1
227623271263875072,1
227647515743510528,1
227662235699855360,1
227664199986200576,1
227664366645948416,1
227665275066015744,1
227677427840913408,1
227678004056985600,1
227685202589646848,1
227692494355013632,1
227704821211586560,1
227705964978331648,1
227706731530260480,1
227715982287151104,1
227719364077031424,1
227721423034859520,1
227730463273005056,1
227737422842134528,1
227740782407573504,1
227744175547121664,1
227748763563585536,1
227754306522529792,1
227760256293642240,1
227766526004105216,1
227770360389492736,1
227773258197307392,1
227774748702822400,1
227774933557440512,1
227775419113422848,1
227776193363935232,1
227776372628852736,1
227780648678936576,1
227784046265679872,1
227787634781097984,1
227792703124402176,1
227800721899851776,1
227814297593061376,1
227821134603059200,1
227841670221389824,1
227918567013076992,1
227948295314235392,1
227951410056470528,1
227964112257171456,1
227969943656386560,1
227977553981440000,1
227986840200167424,1
227989961332035584,1
227995343766016000,1
227997436110893056,1
228002707948826624,1
228003211942055936,1
228014961751490560,1
228015757214629888,1
228018883374133248,1
228026107961118720,1
228042401005150208,1
228042646538936320,1
228051895744942080,1
228066417923538944,1
228068387503230976,1
228073218275151872,1
228082329350234112,1
228089407685636096,1
228089769262804992,1
228092285485637632,1
228095029320118272,1
228117049995018240,1
228118605694173184,1
228120635970535424,1
228126794921897984,1
228135257755369472,1
228135762501054464,1
228135958228107264,1
228138428724006912,1
228141166985998336,1
228142616734449664,1
228143199321571328,1
228155115382587392,1
228158353352265728,1
228158406475091968,1
228161165830922240,1
228164212545208320,1
228165218149900288,1
228170643264720896,1
228171343928279040,1
228171414476681216,1
228180945011351552,1
228193188428169216,1
228195375719120896,1
228196952786731008,1
228211494299197440,1
228222718155788288,1
228229618429460480,1
228248880908173312,1
228270789224017920,1
228320537332305920,1
228321332441542656,1
228343068153393152,1
228351517918248960,1
228352246928633856,1
228354286657642496,1
228354398908780544,1
228355255864733696,1
228357513115193344,1
228365744172060672,1
228366770370637824,1
228370178075697152,1
228375020543434752,1
228383608985899008,1
228386251776299008,1
228386523428106240,1
228392069428027392,1
228393970606997504,1
228413750465933312,1
228419696842039296,1
228420185462239232,1
228431372565094400,1
228433757518012416,1
228435275300298752,1
228453488432173056,1
228459537012285440,1
228475613500657664,1
228481815357136896,1
228489682599694336,1
228496003557404672,1
228500161179156480,1
228509896747626496,1
228511332288954368,1
228519951363465216,1
228520475206295552,1
228520808273518592,1
228523672495779840,1
228523831392497664,1
228526913560137728,1
228535018053750784,1
228539748707479552,1
228543945488678912,1
228554987404103680,1
228555566404362240,1
228555795352567808,1
228557984539369472,1
228589304272601088,1
228592472316104704,1
228598378993025024,1
228680660830851072,1
228718173738663936,1
228721132870889472,1
228721305238335488,1
228729235546701824,1
228731205080727552,1
228738313204809728,1
228743491700273152,1
228757758663852032,1
228757923546259456,1
228765523818434560,1
228770485281693696,1
228773088791535616,1
228774168940802048,1
228778528714723328,1
228780678633771008,1
228789122926690304,1
228792242669916160,1
228805613765914624,1
228817602364026880,1
228826283434913792,1
228827419972837376,1
228831603777118208,1
228838936719396864,1
228854697063694336,1
228856508755693568,1
228863864175759360,1
228866186025443328,1
228868184120291328,1
228868562853699584,1
228875145858801664,1
228876646175674368,1
228879726299684864,1
228881293827522560,1
228881777125228544,1
228885762837520384,1
228890545507004416,1
228890685738549248,1
228895452828864512,1
228896115742863360,1
228896725560860672,1
228900120064331776,1
228901387628421120,1
228904235196227584,1
228909319045226496,1
228912926561902592,1
228914635756912640,1
228917630218477568,1
228920850333569024,1
228927204263784448,1
228934345168629760,1
228937364499279872,1
228945281041264640,1
228947703852146688,1
228947729850052608,1
228956666484826112,1
228957894236938240,1
228973412090470400,1
228986334659186688,1
229006080638803968,1
229010574925443072,1
229017599371956224,1
229023607519199232,1
229057974201085952,1
229070765227458560,1
229075978869297152,1
229093105019899904,1
229094708787535872,1
229096371990065152,1
229100757749800960,1
229102780315865088,1
229112087592402944,1
229125028854001664,1
229133644279099392,1
229142998149246976,1
229144484550369280,1
229150626328424448,1
229164532043513856,1
229167568278519808,1
229183659766054912,1
229185343433109504,1
229189637091995648,1
229190606555975680,1
229196234557575168,1
229201393399439360,1
229203986723299328,1
229204330265587712,1
229205877247684608,1
229206876253847552,1
229207784120782848,1
229209928457232384,1
229210807003230208,1
229212478163345408,1
229213140515459072,1
229214624530259968,1
229220468096958464,1
229221885176020992,1
229224830741553152,1
229231783948738560,1
229232008418902016,1
229234590775848960,1
229234909138391040,1
229246968155140096,1
229250193771503616,1
229256509192200192,1
229256783003881472,1
229262643404677120,1
229265061360652288,1
229265489138491392,1
229268753232699392,1
229274261342035968,1
229279209299271680,1
229279409213378560,1
229281329876324352,1
229291726143258624,1
229298420704534528,1
229325004483063808,1
229331159714734080,1
229349392910585856,1
229387174841520128,1
229409345893990400,1
229409529806929920,1
229418058270486528,1
229443025503645696,1
229453952340840448,1
229454269011439616,1
229454629691805696,1
229460850199781376,1
229463017931313152,1
229467953991057408,1
229479161124196352,1
229493700005777408,1
229493866655191040,1
229494184321699840,1
229499138970120192,1
229504423658418176,1
229505346831278080,1
229506127286861824,1
229517540288901120,1
229522671885725696,1
229531182011113472,1
229535171673591808,1
229535997306691584,1
229540030064218112,1
229540297312284672,1
229544195200634880,1
229544667546513408,1
229547156999462912,1
229552340401721344,1
229552904290918400,1
229554973631725568,1
229555357248200704,1
229556043215904768,1
229561146691350528,1
229562644523196416,1
229569592736452608,1
229570743847878656,1
229575489031319552,1
229576388145786880,1
229578836311724032,1
229581316507369472,1
229581674115506176,1
229582068618141696,1
229582083415191552,1
229584811053961216,1
229585565620903936,1
229586880543305728,1
229591118745288704,1
229596881013514240,1
229597021785034752,1
229603114683281408,1
229604929337479168,1
229614481507880960,1
229614988305989632,1
229615529963487232,1
229618110429892608,1
229621242221514752,1
229626148555382784,1
229626734815731712,1
229626974144790528,1
229627608082640896,1
229629507423309824,1
229634322047401984,1
229635945746497536,1
229640317425721344,1
229644142195003392,1
229644587773263872,1
229644671436668928,1
229651431495483392,1
229651707839041536,1
229652164885557248,1
229652708734578688,1
229653486649352192,1
229670259803283456,1
229675690451845120,1
229741375531126784,1
229743368515985408,1
229767806242394112,1
229769149112086528,1
229776555726921728,1
229778952527458304,1
229779932682575872,1
229785312054689792,1
229785989785448448,1
229801856349253632,1
229813073557692416,1
229817470546468864,1
229818399115849728,1
229818440679997440,1
229826122607759360,1
229832492332679168,1
229841349230194688,1
229841994233303040,1
229853293513420800,1
229857151834112000,1
229857308646346752,1
229859077550358528,1
229866963590688768,1
229870546678878208,1
229871235948777472,1
229872919303319552,1
229873135801929728,1
229873309791191040,1
229873510473138176,1
229875458865094656,1
229875587107356672,1
229875679267041280,1
229879447132499968,1
229882363864580096,1
229888742091821056,1
229892194366775296,1
229893983260160000,1
229895260619423744,1
229896186523291648,1
229897115221078016,1
229906128233869312,1
229906609126285312,1
229908780640497664,1
229912361347969024,1
229913911107055616,1
229917604607528960,1
229920050164858880,1
229920178197549056,1
229922989581058048,1
229923287926071296,1
229923403749584896,1
229924443163164672,1
229926384730189824,1
229929275837685760,1
229932988341420032,1
229935002055741440,1
229935710641942528,1
229938966632976384,1
229939625855623168,1
229942990890663936,1
229948513134256128,1
229949768200876032,1
229954458489720832,1
229955049674117120,1
229956601011167232,1
229960305194323968,1
229960609470554112,1
229963506317766656,1
229963788863107072,1
229964660852555776,1
229964772932100096,1
229969460631236608,1
229973976683274240,1
229975526516838400,1
229979892403027968,1
229985948522659840,1
229988766790328320,1
229989378430259200,1
229989414683168768,1
229990482860908544,1
229997270368292864,1
230002937886355456,1
230009519021678592,1
230010856012165120,1
230018599527989248,1
230024613748547584,1
230029030344941568,1
230029505383424000,1
230031392876126208,1
230033348992294912,1
230036239035146240,1
230055555488194560,1
230063247616925696,1
230074164163301376,1
230078982390919168,1
230114429916483584,1
230126893419954176,1
230127587410219008,1
230128414547648512,1
230130468631388160,1
230136077474168832,1
230136171086450688,1
230140011456819200,1
230144503780184064,1
230150150902390784,1
230150612834549760,1
230161314555887616,1
230163874946187264,1
230164089754603520,1
230167588502831104,1
230171815711830016,1
230173179046871040,1
230174218902724608,1
230175485767729152,1
230177373824319488,1
230183895804469248,1
230184944589283328,1
230186254316519424,1
230189224511074304,1
230189681940807680,1
230191326526595072,1
230194512802844672,1
230196620621287424,1
230197809410412544,1
230198890843328512,1
230199886205390848,1
230202990888927232,1
230203740404834304,1
230203801033654272,1
230204714847551488,1
230204726544003072,1
230205421362851840,1
230209651594633216,1
230210946043482112,1
230212225617215488,1
230212751786070016,1
230214711625834496,1
230218248641929216,1
230220548036886528,1
230221984862003200,1
230223350669770752,1
230226697090867200,1
230230486447845376,1
230231861083758592,1
230234300810444800,1
230235531653591040,1
230236157008982016,1
230239295595778048,1
230241604608524288,1
230252569230823424,1
230252622787702784,1
230252935934496768,1
230260030993125376,1
230261871406723072,1
230262743531933696,1
230266287178014720,1
230266870682951680,1
230267114033299456,1
230271238832246784,1
230276221751599104,1
230276636411260928,1
230278867236990976,1
230280994601320448,1
230281644971253760,1
230283036892200960,1
230283360034611200,1
230285544277176320,1
230287432457973760,1
230291285854650368,1
230292100686225408,1
230292750190645248,1
230294307135434752,1
230294498837676032,1
230294667831791616,1
230298734023380992,1
230301045824544768,1
230301294639489024,1
230302105839677440,1
230302200625762304,1
230302385088606208,1
230302692427866112,1
230303834651148288,1
230304843789787136,1
230304854680326144,1
230305096749535232,1
230305536162357248,1
230305786314600448,1
230306048883957760,1
230306588272177152,1
230306769723924480,1
