229957772275507200,10
216483956134952960,9
220587834010243072,9
223384871961317376,8
218434478059237376,6
225581643816009728,6
181708734787915776,5
188620083707764736,5
219954198862897152,5
220546301832634368,5
224389074406543360,5
178512920555028480,4
180539625318645760,4
181986457208221696,4
187907806120067072,4
194300770365947904,4
207492553114599424,4
207779410647576576,4
208454356160987136,4
218063263125192704,4
219633445312569344,4
220058855879503872,4
221218921688535040,4
221620033108123648,4
224117950980259840,4
225551180109180928,4
225941995801407488,4
225993349059571712,4
227258312435699712,4
230296329926844416,4
170331271321354240,3
174795327943999488,3
175145524599455744,3
175309909502459904,3
177083925191983104,3
177408994812362752,3
178052860368388096,3
178427879435010048,3
179022974366515200,3
181384895705804800,3
182056131401822208,3
182479530640879616,3
183162182141292544,3
188667188100452352,3
189535999199084544,3
191149461776420864,3
192312121651429376,3
197962716276944896,3
202722939505553408,3
204111692364066816,3
204225561002512384,3
205674022273814528,3
208243856184565760,3
208622125714255872,3
209198875783344128,3
209666804815179776,3
211509646642327552,3
212517234660605952,3
213653099321942016,3
214711255608209408,3
217267051142901760,3
217523028659552256,3
218708075378950144,3
219004590679752704,3
219665173866782720,3
221666954723262464,3
222320718998364160,3
222871165774356480,3
222916566089613312,3
224185427261104128,3
224458185153662976,3
224513604053860352,3
225823265303343104,3
225974309583560704,3
226335004360339456,3
226345671331766272,3
226740716293685248,3
227011107402080256,3
227218560948961280,3
227665275066015744,3
228428095401811968,3
228554987404103680,3
228920850333569024,3
229572473789874176,3
229587712314621952,3
230296721872502784,3
230298678535397376,3
170520053895135232,2
170528625441898496,2
170573329181179904,2
170833446497681408,2
171050325413724160,2
171293556709785600,2
171620810253926400,2
172703377661100032,2
172711867058225152,2
172779014920863744,2
173659517752442880,2
173984749570752512,2
174179461279776768,2
174648822662692864,2
174742809956319232,2
174817980956278784,2
175418166829121536,2
175501559281483776,2
175560320247398400,2
175571353649283072,2
175595958870999040,2
175614997374697472,2
175639569650155520,2
175805435234746368,2
175838993634557952,2
175861824007176192,2
175937369113886720,2
175989708575211520,2
176011752830402560,2
176017753403031552,2
176043969547862016,2
176091390105616384,2
176184363371724800,2
176610483594330112,2
176631019158372352,2
176957273258590208,2
177029163289411584,2
177048438737731584,2
177060976443523072,2
177082721074413568,2
177307360123944960,2
177357711573254144,2
177374767647555584,2
177411133806739456,2
177422545379655680,2
177622388484079616,2
177650212938973184,2
177821565025517568,2
177922002105925632,2
178057611587878912,2
178073630284972032,2
178140155087945728,2
178675517279436800,2
178755424613302272,2
179183303318831104,2
179225880550178816,2
179257889817362432,2
179386850945794048,2
179400477006364672,2
179499956057407488,2
179586873826476032,2
179619109548326912,2
179786116210098176,2
179789885236838400,2
179867500631031808,2
179989782875602944,2
180037955925049344,2
180260222017732608,2
180290117762547712,2
180463591772651520,2
180605659518074880,2
180694745763282944,2
180781232819273728,2
181294007852945408,2
181400162512998400,2
181411631374667776,2
181412537857552384,2
181642585078030336,2
181773047435935744,2
181825074183745536,2
182010327588675584,2
182093038026801152,2
182096576787435520,2
182097854057816064,2
182103086116081664,2
182950590185492480,2
183045498478268416,2
183565739844448256,2
183598925974859776,2
183627318818963456,2
183891281945149440,2
184342934814875648,2
184655441530773504,2
184742118869733376,2
185133940444045312,2
185419011668324352,2
186114898056212480,2
186572214891593728,2
187181015175544832,2
187411591074664448,2
187428635088711680,2
187966317243506688,2
188153548409860096,2
189287556624961536,2
189343893823479808,2
189935026458570752,2
190317698009509888,2
190811938824916992,2
191131663278272512,2
191133636008947712,2
191190292687679488,2
192112952847138816,2
192178269923315712,2
192289900014088192,2
192660035486650368,2
192871222363729920,2
193352210075561984,2
193414345797951488,2
193508713233682432,2
194472809080614912,2
194493990296399872,2
194537158531686400,2
195154159747952640,2
195205803531972608,2
195561220709048320,2
195885326815236096,2
196829080066801664,2
196920909893275648,2
196945739347542016,2
196999329703608320,2
197243228602662912,2
197497536932192256,2
198327374209372160,2
198982396644950016,2
201138896118071296,2
201530949578891264,2
202353655731023872,2
203172115833868288,2
203373194436788224,2
203410101158526976,2
203502558337179648,2
203753948612419584,2
203858306861682688,2
204010229639839744,2
204176782090264576,2
204394174754070528,2
204968498940424192,2
205393226566598656,2
205571806703480832,2
205704754242756608,2
206058689156804608,2
206291230638309376,2
206427745053896704,2
206454900900233216,2
206456487262531584,2
206690162478555136,2
206710393955311616,2
207109571920138240,2
207164830332551168,2
207350468611796992,2
207428429281058816,2
207491610059530240,2
207543859514269696,2
207562540998422528,2
207761343964434432,2
207831039205146624,2
208271038231474176,2
208521225451372544,2
208863712512499712,2
208961996791140352,2
209171913839022080,2
209237139849433088,2
209333096441954304,2
209493489765347328,2
209623529794813952,2
209884607398838272,2
209978399122825216,2
211069086042476544,2
211330963501727744,2
211378548323926016,2
211800811845627904,2
211983060748705792,2
212058020029440000,2
212351773238460416,2
212438466042269696,2
212573174798581760,2
212948463964405760,2
212960356516982784,2
213212198717677568,2
213216713032286208,2
213417523830935552,2
213658496320765952,2
213743588744826880,2
213997183409434624,2
214318827869515776,2
214697377940398080,2
214716889629863936,2
215127027448442880,2
215365872605462528,2
215411838337085440,2
215438949422456832,2
215510673497210880,2
215685879193694208,2
216213897296588800,2
216710206999126016,2
217008134571675648,2
217189192906055680,2
217242184284127232,2
217293223198294016,2
217488864269869056,2
217515513511055360,2
217598470160629760,2
217745094008803328,2
217837823393148928,2
217844358411661312,2
217908757398102016,2
217919059968700416,2
217931259806982144,2
217972125033877504,2
218613983790018560,2
218781078846947328,2
218806116517343232,2
218823094189080576,2
219047447836532736,2
219113085236211712,2
219153085799067648,2
219844006096220160,2
220039352844468224,2
220046437989470208,2
220088933773488128,2
220089391594172416,2
220158639072768000,2
220177588297682944,2
220536383365885952,2
220859864228081664,2
220876425556549632,2
220887653424168960,2
220892766275489792,2
220937176108630016,2
221193911333920768,2
221222479356268544,2
221273001099747328,2
221316830579744768,2
221688230356176896,2
221983153873940480,2
222228109938438144,2
222280872798253056,2
222281537749086208,2
222364090063785984,2
222420534044454912,2
222570244138864640,2
222590440501850112,2
222603856318623744,2
222614230643355648,2
222617132935897088,2
222629897002352640,2
222630544480571392,2
222641760020594688,2
222708560870014976,2
222897100880896000,2
222932881451732992,2
222935892074672128,2
223000739150426112,2
223009083995422720,2
223091267355549696,2
223112200280600576,2
223220741153886208,2
223286317249273856,2
223289761333329920,2
223327152387678208,2
223844296282415104,2
223846633458397184,2
223850835917254656,2
224053726143737856,2
224406870906593280,2
224684108199206912,2
224818762915733504,2
224821858018021376,2
225103664114094080,2
225270542517850112,2
225270727384932352,2
225311660112216064,2
225397057739616256,2
225532860253663232,2
225636004212547584,2
225789695073939456,2
225893872406515712,2
225909707859877888,2
225928419038232576,2
226149543520677888,2
226297272099221504,2
226361322003165184,2
226552753174515712,2
226582671165976576,2
226597959776854016,2
226641206175596544,2
226920440790519808,2
227016558202617856,2
227025224944553984,2
227054250861576192,2
227054788616208384,2
227059333951324160,2
227071684721651712,2
227098202259910656,2
227238608644780032,2
227453201614766080,2
227467914532196352,2
227667734124597248,2
227695014921883648,2
227698335299186688,2
227719364077031424,2
227721423034859520,2
227730463273005056,2
227788974358581248,2
227831360058724352,2
228001660394594304,2
228012559869419520,2
228092809278636032,2
228118605694173184,2
228133934278647808,2
228138428724006912,2
228141166985998336,2
228163167269937152,2
228355047123337216,2
228402398519885824,2
228418386552930304,2
228448009275695104,2
228496003557404672,2
228525642064023552,2
228712186003075072,2
228718173738663936,2
228721305238335488,2
228731012697980928,2
228735088010924032,2
228737733935755264,2
228836903300976640,2
228856508755693568,2
228856932209020928,2
228865860160811008,2
228874276016193536,2
228921116630454272,2
228939867349897216,2
228943505784786944,2
229057974201085952,2
229146726146355200,2
229216695196667904,2
229263971097010176,2
229266355235225600,2
229409720104734720,2
229418058270486528,2
229433940968517632,2
229464966117695488,2
229597905085849600,2
229623053841829888,2
229718261721808896,2
229854513644732416,2
229867544679194624,2
229882312651911168,2
229921927052603392,2
229923388888440832,2
229965519332986880,2
229970883172831232,2
230010856012165120,2
230166365532659712,2
230214784929931264,2
230241444829605888,2
230276212277563392,2
230294667831791616,2
230295171636637696,2
230298734023380992,2
230301294639489024,2
169427529524838400,1
169746147965927424,1
169869076452081664,1
170020884545798144,1
170120129818918912,1
170136676482416640,1
170147550127456256,1
170158351185870848,1
170169659960590336,1
170170775045668864,1
170174943210766336,1
170186289780359168,1
170209933671792640,1
170213238774956032,1
170226072325980160,1
170327047988576256,1
170329528747425792,1
170336499965886464,1
170339527611645952,1
170381649538711552,1
170409948717514752,1
170429684855603200,1
170494768671883264,1
170502107676278784,1
170543580580937728,1
170556976944644096,1
170606546621825024,1
170665626723942400,1
170694183298793472,1
170694320649666560,1
170696904173158400,1
170716603573338112,1
170732183328129024,1
170732750502887424,1
170740106318053376,1
170746703085830144,1
170748793405308928,1
170752655973416960,1
170772634810712064,1
170781823217958912,1
170796842966056960,1
170805600131743744,1
170820054097592320,1
170825528981323776,1
170831502194507776,1
170895070243848192,1
170910296670470144,1
170912951199334400,1
170913629351182336,1
170922520256446464,1
170940353744994304,1
171050491764015104,1
171075826534580224,1
171089138324340736,1
171091537650778112,1
171102416446423040,1
171135553389985792,1
171147736228298752,1
171156431251177472,1
171162487951982592,1
171165034792091648,1
171179198767955968,1
171194382471397376,1
171205090516926464,1
171216092604137472,1
171226025982689280,1
171228962863710208,1
171231579761278976,1
171244154762821632,1
171291564931284992,1
171300258867838976,1
171316422918537216,1
171322535630077952,1
171331501802127360,1
171431174437076992,1
171493405296164864,1
171505441803599872,1
171512836332191744,1
171533675794530304,1
171552561596203008,1
171554920749596672,1
171561160032649216,1
171605947385380864,1
171617237965209600,1
171676183212064768,1
171688741801295872,1
171698293754036224,1
171772273479385088,1
171777539054764032,1
171853179879686144,1
171898186384801792,1
171909246516985856,1
171955848568897536,1
171963593045049344,1
171984149173764096,1
172009883002994688,1
172043501125500928,1
172161542224084992,1
172175173250711552,1
172195507173588992,1
172233023066996736,1
172249139512344576,1
172309001227206656,1
172330441448095744,1
172376430259208192,1
172389708251267072,1
172524003510976512,1
172570387740098560,1
172578446482866176,1
172593687723769856,1
172647831599841280,1
172677783518969856,1
172680611532636160,1
172682192898490368,1
172709136641818624,1
172736906835001344,1
172741797242470400,1
172756378757103616,1
172849734761840640,1
172933621521317888,1
172974448129867776,1
172979447324999680,1
172990292633321472,1
173008296251228160,1
173040893337534464,1
173120460458819584,1
173123678421123072,1
173347663759015936,1
173367420063318016,1
173394226384470016,1
173397563712471040,1
173401073640275968,1
173451505414701056,1
173485540375527424,1
173519847219527680,1
173552522609295360,1
173577306504167424,1
173659209278160896,1
173663418107035648,1
173708486020956160,1
173710680501780480,1
173713221201428480,1
173715838015111168,1
173723942006030336,1
173724279572004864,1
173773803938119680,1
173807080178712576,1
173813953623752704,1
173820340068155392,1
173821413633818624,1
173839955318013952,1
173844668881043456,1
174069627276492800,1
174172375602954240,1
174175174642368512,1
174175174743031808,1
174192347381235712,1
174208472689147904,1
174220897123565568,1
174278134907011072,1
174309488117940224,1
174327773932814336,1
174332683105599488,1
174341196724830208,1
174379830802907136,1
174409002665377792,1
174438753476018176,1
174449905597677568,1
174464860438921216,1
174468188950495232,1
174559064246714368,1
174661099893817344,1
174752126537302016,1
174780707036463104,1
174878568063434752,1
174908931745775616,1
174914481070014464,1
174918936914034688,1
174928896641204224,1
174948118352101376,1
174985456901947392,1
175060405272444928,1
175094376077197312,1
175102780631941120,1
175121920302252032,1
175129066679042048,1
175142078559289344,1
175149281454325760,1
175159734205153280,1
175163364547231744,1
175171917089603584,1
175173449050750976,1
175191805996826624,1
175194706563563520,1
175196756693221376,1
175199835337523200,1
175205834442145792,1
175208017032118272,1
175210247281967104,1
175213298935922688,1
175218864915742720,1
175226871896604672,1
175228873028403200,1
175231566568488960,1
175238906562740224,1
175248383584239616,1
175250072265555968,1
175252093668425728,1
175260312864292864,1
175262822584811520,1
175267191522852864,1
175267938184462336,1
175270429710090240,1
175271867911766016,1
175273168892592128,1
175274484947746816,1
175274532880252928,1
175281103119056896,1
175281300238761984,1
175284205477953536,1
175290645680750592,1
175292079772008448,1
175293920333266944,1
175297281094844416,1
175299280427286528,1
175299749576966144,1
175302094708801536,1
175307658872487936,1
175308363800772608,1
175310851849322496,1
175313400451039232,1
175320123383480320,1
175320718571995136,1
175325188894752768,1
175333916427681792,1
175370181453807616,1
175384105108635648,1
175384783264677888,1
175393153258356736,1
175403462752731136,1
175408971702599680,1
175411778182709248,1
175417596810625024,1
175420143675899904,1
175426097855332352,1
175427918090993664,1
175431850641063936,1
175433727923453952,1
175439138089074688,1
175455246460387328,1
175458288060596224,1
175459565725286400,1
175465627186626560,1
175477283748839424,1
175477681465327616,1
175478108537749504,1
175480771576856576,1
175480936387837952,1
175481425959583744,1
175485281208631296,1
175491409577508864,1
175493660756934656,1
175494350317289472,1
175495083674566656,1
175496548505878528,1
175498093150601216,1
175501159803387904,1
175501868363939840,1
175502743543218176,1
175503929054855168,1
175506792371978240,1
175507753681289216,1
175507793413931008,1
175509452798033920,1
175510120552202240,1
175510306506670080,1
175511778178891776,1
175511948463439872,1
175526114804891648,1
175528057992380416,1
175534245861654528,1
175535677788651520,1
175539466033692672,1
175540449509900288,1
175540620360679424,1
175547668100022272,1
175548936096841728,1
175549129198403584,1
175552846589067264,1
175563161406013440,1
175566954399006720,1
175572542621220864,1
175573566119477248,1
175576886150168576,1
175578716905144320,1
175586074578386944,1
175586182405554176,1
175586396600270848,1
175588925643948032,1
175589630198939648,1
175591364107436032,1
175592561518313472,1
175592967510163456,1
175593069779877888,1
175596011400462336,1
175602323538575360,1
175602991246606336,1
175604906562945024,1
175607796526481408,1
175610651740209152,1
175610738369363968,1
175614219712987136,1
175616198262652928,1
175618066657312768,1
175621243351859200,1
175624501327822848,1
175629337960120320,1
175629716089208832,1
175630205983916032,1
175630341808062464,1
175630603591352320,1
175630835414728704,1
175634244666654720,1
175636330640834560,1
175636734673944576,1
175637237940092928,1
175641156909006848,1
175643978295672832,1
175646067126173696,1
175646212676911104,1
175647288729796608,1
175650802415697920,1
175656769987543040,1
175657557161934848,1
175661420472434688,1
175667635059425280,1
175672819609239552,1
175684999469596672,1
175687990859792384,1
175691748998119424,1
175693540276305920,1
175693707587092480,1
175696296600928256,1
175696663304732672,1
175712110511128576,1
175724780928892928,1
175773833804906496,1
175777879697653760,1
175786966766321664,1
175800714268770304,1
175816050066063360,1
175816496088350720,1
175817615535505408,1
175825444510105600,1
175826760938553344,1
175829746989400064,1
175833396440727552,1
175837526802563072,1
175842345009283072,1
175842628087054336,1
175844391892549632,1
175846066648776704,1
175846374770737152,1
175865415161872384,1
175870802258821120,1
175878246905151488,1
175883710493622272,1
175900824856166400,1
175901492467728384,1
175905573814927360,1
175905916531507200,1
175907743868125184,1
175909180140421120,1
175913106440978432,1
175942685801054208,1
175948595541835776,1
175951260124446720,1
175953427572981760,1
175959634807357440,1
175959859575914496,1
175961217167261696,1
175965435705950208,1
175966157721829376,1
175966342053101568,1
175986845635575808,1
175987355574861824,1
175993628492038144,1
175997493148909568,1
176005377140195328,1
176009867734024192,1
176011110560825344,1
176011933307109376,1
176012223842353152,1
176016536249565184,1
176020236129009664,1
176024481058258944,1
176040192115736576,1
176070420070400000,1
176078076659105792,1
176121919832064000,1
176142878563631104,1
176159489257373696,1
176165901278642176,1
176185991478902784,1
176188670062100480,1
176201075777339392,1
176218326286991360,1
176236655907176448,1
176238644992933888,1
176239722304110592,1
176240221669556224,1
176241723230388224,1
176242391366238208,1
176256545888141312,1
176263997891280896,1
176270168211587072,1
176272573909172224,1
176290276401217536,1
176292870351749120,1
176306348974145536,1
176311378884165632,1
176337006069022720,1
176339442393415680,1
176346115656908800,1
176347926736404480,1
176350588538191872,1
176352732205023232,1
176352837461082112,1
176358499658235904,1
176368178048270336,1
176378119987396608,1
176379097717407744,1
176396179746062336,1
176403920782884864,1
176407612491825152,1
176411841533050880,1
176413600292798464,1
176415175614660608,1
176473905035214848,1
176492352678920192,1
176496238923874304,1
176500421039226880,1
176510570084696064,1
176522586769850368,1
176552189110517760,1
176554588608921600,1
176554938812334080,1
176576688652550144,1
176578322594004992,1
176579723286020096,1
176583340982272000,1
176583490752479232,1
176586952600977408,1
176589275800797184,1
176620453777899520,1
176635348007256064,1
176639211800100864,1
176642470665256960,1
176648249250152448,1
176661928641298432,1
176672874570973184,1
176673913038700544,1
176704193514438656,1
176708041792552960,1
176727751271645184,1
176751670426861568,1
176763461307465728,1
176849159435845632,1
176851065134645248,1
176855333627494400,1
176875172530225152,1
176877162358374400,1
176919554008547328,1
176921036007145472,1
176922000025976832,1
176935026531762176,1
176946422988406784,1
176950754945269760,1
176954010366902272,1
176955247875325952,1
176957022720229376,1
176958678782443520,1
176962044086452224,1
176991110256656384,1
176992025017581568,1
176996895015567360,1
177013505797390336,1
177021353713467392,1
177021857126416384,1
177030314210623488,1
177030596625694720,1
177035597888618496,1
177046074278543360,1
177048898165014528,1
177051838443421696,1
177052414929534976,1
177064604642312192,1
177069403228078080,1
177070516719321088,1
177071898381778944,1
177081603678273536,1
177085881235013632,1
177087120375021568,1
177091449026772992,1
177097245429071872,1
177097466561167360,1
177104996993597440,1
177111474739609600,1
177123571796017152,1
177136955807498240,1
177158609627512832,1
177186724420517888,1
177196345621217280,1
177230000439689216,1
177240816878616576,1
177240869898813440,1
177248236145213440,1
177264301067730944,1
177268020954005504,1
177272520167129088,1
177276285972643840,1
177303619240984576,1
177317928461402112,1
177322554397032448,1
177327812485578752,1
177336315627438080,1
177348767509381120,1
177359435801296896,1
177366215939850240,1
177367650949660672,1
177369628933095424,1
177390612486553600,1
177423539693944832,1
177425302362783744,1
177440903827292160,1
177441783544807424,1
177443438281621504,1
177453874100043776,1
177454306511814656,1
177457723313487872,1
177462165039480832,1
177467296980140032,1
177475330905210880,1
177601608803155968,1
177615647469993984,1
177625324987613184,1
177634655938281472,1
177637722645594112,1
177662503814168576,1
177667163732049920,1
177671598503886848,1
177676278046916608,1
177678703046688768,1
177699161422954496,1
177705071767715840,1
177718354209931264,1
177729068077154304,1
177738776330633216,1
177738959785295872,1
177757281671184384,1
177778272153632768,1
177786116898816000,1
177794174634950656,1
177795369902538752,1
177816100828872704,1
177836397145620480,1
177889242586808320,1
177926203653488640,1
177992833070792704,1
177994960430170112,1
177998017926791168,1
178005151204769792,1
178008030653186048,1
178010815121588224,1
178043345099030528,1
178073574970490880,1
178078591974637568,1
178082778020052992,1
178083690105012224,1
178087513653510144,1
178097706542039040,1
178111495907835904,1
178142121662873600,1
178144070747553792,1
178149937572216832,1
178153765692506112,1
178159633792237568,1
178165644838043648,1
178172354864611328,1
178176973422460928,1
178192180064550912,1
178208149180776448,1
178211771041972224,1
178231031055253504,1
178245588880457728,1
178340611424780288,1
178352809899458560,1
178358766071185408,1
178360416118767616,1
178361237539651584,1
178369735665123328,1
178373225930031104,1
178409531431190528,1
178411243638358016,1
178413390014709760,1
178414590340628480,1
178415664506077184,1
178434087990591488,1
178460309961310208,1
178470147932028928,1
178470970263076864,1
178476619004903424,1
178481788467806208,1
178484018549882880,1
178487271647870976,1
178494438027296768,1
178500503313842176,1
178509671294828544,1
178511048666513408,1
178512848639492096,1
178515416572755968,1
178522181204967424,1
178550581034483712,1
178554141491068928,1
178557331015991296,1
178565667815948288,1
178573854401101824,1
178574407885651968,1
178651282041470976,1
178653067816730624,1
178668584354971648,1
178680782338916352,1
178687697798299648,1
178688402382651392,1
178703349493792768,1
178710943482511360,1
178711261050044416,1
178737994558078976,1
178740104393654272,1
178746026033676288,1
178747651750100992,1
178748458251845632,1
178758885635522560,1
178761163893374976,1
178762370686910464,1
178768175486205952,1
178772629841248256,1
178775731440975872,1
178781306333691904,1
178785473727037440,1
178786651974139904,1
178797317069996032,1
178811360367345664,1
178813643075354624,1
178834776864587776,1
178846039908810752,1
178873178620166144,1
178878231619829760,1
178884302556102656,1
178885405075046400,1
178888065090060288,1
178894780908961792,1
178899274807902208,1
178900854282125312,1
178912974784692224,1
178919554087387136,1
178943208674295808,1
178951371662295040,1
178963714580414464,1
179015582501306368,1
179019087836348416,1
179031817012117504,1
179050448060153856,1
179056068402348032,1
179071164176400384,1
179093077850324992,1
179093432751357952,1
179093877574074368,1
179108157002350592,1
179122765268254720,1
179128492300959744,1
179135425791655936,1
179141657621430272,1
179155855973810176,1
179157007457058816,1
179164173756792832,1
179169157491720192,1
179177817899008000,1
179178248721137664,1
179178880676921344,1
179189966729904128,1
179197541479350272,1
179201185465499648,1
179203498720624640,1
179213534582800384,1
179213816653938688,1
179218436621074432,1
179233342611259392,1
179233564179562496,1
179236798096998400,1
179242962767577088,1
179255924806909952,1
179262922600480768,1
179268963979493376,1
179269335464804352,1
179271451298234368,1
179288360290877440,1
179297598522261504,1
179319822474018816,1
179360480115032064,1
179416150117974016,1
179416427525046272,1
179422882370158592,1
179432388202332160,1
179432960364118016,1
179441284782489600,1
179445868015910912,1
179448317317480448,1
179450344919531520,1
179458202629308416,1
179486723770679296,1
179490218565435392,1
179505188866883584,1
179507826295570432,1
179508431860793344,1
179511890324488192,1
179516774612467712,1
179525980036005888,1
179528022615916544,1
179532273626906624,1
179535286789734400,1
179537900583518208,1
179538086537986048,1
179539291444084736,1
179545348312662016,1
179549106379685888,1
179552903374045184,1
179555973474549760,1
179565696630390784,1
179573679703719936,1
179591450030243840,1
179605347193847808,1
179618476195840000,1
179623361024884736,1
179643475631800320,1
179647874240348160,1
179670674283954176,1
179671131731525632,1
179744835182264320,1
179750331494694912,1
179765461217443840,1
179768579984457728,1
179769887260934144,1
179774096031088640,1
179808036842373120,1
179808107604475904,1
179811405585711104,1
179823746628976640,1
179824453583110144,1
179825342398070784,1
179828190875746304,1
179858612594671616,1
179884079737470976,1
179898548635041792,1
179903000838406144,1
179905399808327680,1
179943404312985600,1
179962519505338368,1
179968122218872832,1
179972641170391040,1
179974455613718528,1
179976502526345216,1
179978543252373504,1
179988642872164352,1
179995392153223168,1
180020314804060160,1
180022360437424128,1
180041384089092096,1
180054164213071872,1
180054683790868480,1
180123554774253568,1
180131566041694208,1
180134753326858240,1
180143640960565248,1
180158827948146688,1
180159206307921920,1
180180228918738944,1
180203484098854912,1
180212384395165696,1
180233705137111040,1
180258066741067776,1
180259178210656256,1
180260363600658432,1
180269903784181760,1
180270633261727744,1
180283313817124864,1
180295374211121152,1
180299665525178368,1
180307534198865920,1
180331374522138624,1
180339814472613888,1
180345397422587904,1
180345679929933824,1
180356545811316736,1
180365375739789312,1
180366351230042112,1
180369313805369344,1
180394057359425536,1
180397517349847040,1
180405738387013632,1
180415371633754112,1
180449051391557632,1
180460377614581760,1
180505528017879040,1
180513947877638144,1
180532069607145472,1
180533735664386048,1
180536939445747712,1
180545597239984128,1
180555609374982144,1
180560200837627904,1
180572175680405504,1
180579103622037504,1
180579124010549248,1
180590665783050240,1
180600387823206400,1
180600847674114048,1
180614168427102208,1
180615659825135616,1
180619024407724032,1
180649465693077504,1
180654511184936960,1
180657110328016896,1
180665226239148032,1
180669368311480320,1
180671059068977152,1
180675506524389376,1
180728744393048064,1
180742206968037376,1
180744573482434560,1
180852607743426560,1
180859781509021696,1
180860996892491776,1
180895243292377088,1
180897414494814208,1
180902831375515648,1
180943418573193216,1
180953747290062848,1
180956401298833408,1
180962796425445376,1
180974356216676352,1
180975023324921856,1
180983531210539008,1
180987379794837504,1
180992532677656576,1
180995572914716672,1
180996403793756160,1
181005651214860288,1
181016524658573312,1
181017568448872448,1
181018533696634880,1
181018613501657088,1
181033404484026368,1
181036202562945024,1
181041337125044224,1
181049645969965056,1
181078379403272192,1
181082562127376384,1
181099367197143040,1
181184592155746304,1
181201687024541696,1
181224650158313472,1
181271342876155904,1
181310552511266816,1
181366783155896320,1
181371125226246144,1
181372219396681728,1
181385812198445056,1
181392335616765952,1
181402476989390848,1
181404978495750144,1
181410805275643904,1
181433985963024384,1
181440303734575104,1
181449894165225472,1
181492095830061056,1
181514215108755456,1
181550906022903808,1
181572602294071296,1
181607000408084480,1
181653286521184256,1
181657464848199680,1
181676483719815168,1
181680094522781696,1
181704734920622080,1
181715169211486208,1
181716760098320384,1
181730468493160448,1
181741496202452992,1
181741729977188352,1
181750395376668672,1
181752552920539136,1
181755939429175296,1
181757058254712832,1
181769360640618496,1
181779107652423680,1
181783591585923072,1
181785036091916288,1
181800021176909824,1
181800630712037376,1
181817594966265856,1
181836871301222400,1
181857256124268544,1
181933243697315840,1
181934790578384896,1
181936024119021568,1
181953683539869696,1
181963310486532096,1
181983099709136896,1
181989579860242432,1
181999865080832000,1
182015419598008320,1
182022812734263296,1
182034822448287744,1
182037912804708352,1
182046402676498432,1
182048339020271616,1
182068170968240128,1
182075013264146432,1
182089185179148288,1
182095197552308224,1
182100971536691200,1
182117209259966464,1
182126407385022464,1
182132300951339008,1
182137341653565440,1
182140987089829888,1
182146563258712064,1
182148842976813056,1
182156530654343168,1
182156835556454400,1
182168053278531584,1
182178141419859968,1
182179927919931392,1
182180308454809600,1
182187096670732288,1
182189124634431488,1
182200730033963008,1
182255276366516224,1
182301277969764352,1
182304091687710720,1
182320437602656256,1
182335730350538752,1
182336500540772352,1
182347835843624960,1
182354800321507328,1
182374448382005248,1
182394987401523200,1
182409319646486528,1
182423942755282944,1
182434418140061696,1
182440712910970880,1
182470713052135424,1
182485979182415872,1
182506620172922880,1
182529956266053632,1
182533247058477056,1
182534758040436736,1
182542823198978048,1
182551375796072448,1
182552258474553344,1
182571362846236672,1
182592019846127616,1
182651060948275200,1
182656497089888256,1
182662324994502656,1
182685154563907584,1
182689976367734784,1
182745018156752896,1
182745878029553664,1
182748305159868416,1
182749642608975872,1
182755084036157440,1
182775303852519424,1
182782026359926784,1
182789504761741312,1
182795420169547776,1
182815381934325760,1
182815789045276672,1
182818337049698304,1
182819571493638144,1
182823823397044224,1
182836035497394176,1
182846450550468608,1
182867838043086848,1
182873384076898304,1
182909534435577856,1
182992737523826688,1
183038879892447232,1
183040358956756992,1
183042078428651520,1
183053514524545024,1
183088770183024640,1
183089743258898432,1
183094321637216256,1
183107957664047104,1
183112927088594944,1
183136561482706944,1
183157985333395456,1
183161016523157504,1
183168884253749248,1
183177483818991616,1
183191240541343744,1
183215485653262336,1
183224854152114176,1
183234182311817216,1
183236746793058304,1
183247015140139008,1
183259923396464640,1
183289883361755136,1
183318978500235264,1
183361040961105920,1
183412431134244864,1
183448739842183168,1
183455152753332224,1
183455742348513280,1
183472357628723200,1
183474154725707776,1
183477079603326976,1
183524679684182016,1
183539733718183936,1
183544056961224704,1
183562630654308352,1
183573182600003584,1
183586885735518208,1
183588671331086336,1
183591770337001472,1
183749398031876096,1
183766218748473344,1
183788097286840320,1
183831112983937024,1
183833338816798720,1
183878676386336768,1
183897347193016320,1
183899860539400192,1
183902657341079552,1
183911557313318912,1
183925490572828672,1
183943964884238336,1
183957535389372416,1
183962861696585728,1
183963457287307264,1
183966807776616448,1
183967045759111168,1
183984109329653760,1
183984561403113472,1
184016040842633216,1
184039029602500608,1
184078784322957312,1
184103131313975296,1
184133633901072384,1
184143694492872704,1
184169179526127616,1
184176517858902016,1
184178635752607744,1
184242667238645760,1
184253982779564032,1
184270705951109120,1
184305473424560128,1
184308404357951488,1
184311248630804480,1
184357050252734464,1
184524365386461184,1
184532501129687040,1
184544042457882624,1
184545131177025536,1
184566533318307840,1
184575915547033600,1
184581653463015424,1
184598066748997632,1
184609705799225344,1
184624577262702592,1
184632878647775232,1
184641667502456832,1
184656503927713792,1
184660577895772160,1
184666101887422464,1
184674691293016064,1
184726148200390656,1
184834890435964928,1
184853393251397632,1
184889033823010816,1
184905903136239616,1
184925683009953792,1
184941193140514816,1
184963218996547584,1
184984963382489088,1
184985435559096320,1
184999711739584512,1
185009160681803776,1
185050543779594240,1
185070621823533056,1
185073563579416576,1
185076452640915456,1
185105707415236608,1
185107920895221760,1
185125338916323328,1
185136367035867136,1
185206962365693952,1
185222578384990208,1
185249597864034304,1
185254390158962688,1
185284210105880576,1
185288593347108864,1
185290888932487168,1
185358130296360960,1
185360624892416000,1
185389056770932736,1
185393384313024512,1
185401135979720704,1
185411623549288448,1
185429474108477440,1
185429783437119488,1
185453586947313664,1
185532655079030784,1
185580890037977088,1
185586447277367296,1
185601731641835520,1
185610177694879744,1
185646381009502208,1
185656639937601536,1
185670783942197248,1
185679477469294592,1
185708495220043776,1
185721036534714368,1
185721501652582400,1
185759419213488128,1
185766441245147136,1
185792666385924096,1
185794973965611008,1
185803853917261824,1
185810616468652032,1
185821482956173312,1
185919409890717696,1
185942203141517312,1
185969686989697024,1
185981136973021184,1
185985297663311872,1
186019310023176192,1
186058067015331840,1
186058886803456000,1
186063757886197760,1
186073446489038848,1
186084436398460928,1
186096268992573440,1
186097434538459136,1
186106880442597376,1
186114164065484800,1
186115527218057216,1
186120754133090304,1
186121427323273216,1
186138120810242048,1
186158070086889472,1
186185115047206912,1
186187416611864576,1
186195812316966912,1
186266890462150656,1
186344320891990016,1
186367198207684608,1
186369003111309312,1
186390154145562624,1
186407358493212672,1
186412008184012800,1
186413865418973184,1
186424290087981056,1
186436194235916288,1
186459608317972480,1
186477011554455552,1
186493732785864704,1
186503241922715648,1
186505327000870912,1
186541741828362240,1
186579653201387520,1
186586314627096576,1
186633231506038784,1
186663671720611840,1
186670595696504832,1
186672134791520256,1
186707909398618112,1
186712260853768192,1
186735684742246400,1
186771749356445696,1
186776692312387584,1
186780138327732224,1
186785731967561728,1
186809249750503424,1
186861343948771328,1
186893917414223872,1
186894665541799936,1
186910313387941888,1
186982738499260416,1
186996870865379328,1
186998798050988032,1
187088087777202176,1
187091150834655232,1
187110012704768000,1
187110700338745344,1
187141447930843136,1
187154751297822720,1
187167818470694912,1
187176084816830464,1
187177592419581952,1
187181438060695552,1
187193444568682496,1
187202701917790208,1
187218536590950400,1
187224846604783616,1
187235340963258368,1
187239421462122496,1
187254491785760768,1
187255224109772800,1
187280708259876864,1
187351704894783488,1
187374057550598144,1
187399404640747520,1
187412508396163072,1
187434474687225856,1
187435095645999104,1
187452673995272192,1
187452753514164224,1
187459748000292864,1
187477885959127040,1
187478503680434176,1
187516646582874112,1
187530832018771968,1
187534400986132480,1
187540037764669440,1
187555230440894464,1
187558682808672256,1
187563794502164480,1
187594159598456832,1
187787788936097792,1
187807612480040960,1
187845697860157440,1
187845698979807232,1
187849096999096320,1
187857154112163840,1
187861573560418304,1
187894850110709760,1
187896769749573632,1
187913038546006016,1
187913711286607872,1
187916615137169408,1
187917416860016640,1
187930958784458752,1
187939435412889600,1
187957771145891840,1
187963082350383104,1
187971276420993024,1
187974292131053568,1
188140865717153792,1
188147096354693120,1
188149195249586176,1
188177117086978048,1
188220860311568384,1
188227384864727040,1
188247207673135104,1
188269716184973312,1
188286729817165824,1
188301685420847104,1
188306936261033984,1
188317591370141696,1
188340428050141184,1
188464628210204672,1
188476037165867008,1
188493808094752768,1
188494149811556352,1
188503073932636160,1
188529356564643840,1
188566742512160768,1
188585607585992704,1
188591197219618816,1
188618363700482048,1
188647868854427648,1
188653166317400064,1
188678860871938048,1
188720760128729088,1
188836758005936128,1
188915503882809344,1
188937526616735744,1
188944963129077760,1
188948638215520256,1
188970212874498048,1
188977175070765056,1
189030656843137024,1
189040515765698560,1
189045330451226624,1
189079341100126208,1
189242534947991552,1
189249306038296576,1
189313569170964480,1
189314446439997440,1
189327856562036736,1
189333092304560128,1
189350923655950336,1
189365503382298624,1
189378028075950080,1
189379624755671040,1
189555407597142016,1
189584779122569216,1
189638091398483968,1
189645635668717568,1
189673577046315008,1
189675491245989888,1
189697639932510208,1
189735449598763008,1
189751000465461248,1
189760019156680704,1
189780092896481280,1
189808567558651904,1
189855043827286016,1
189871502424264704,1
189898533207818240,1
189954498631380992,1
189966158722592768,1
189970525695975424,1
190003550338748416,1
190026422330429440,1
190064089789063168,1
190075715131666432,1
190095054032736256,1
190102044426620928,1
190109724162740224,1
190113092951719936,1
190120654365712384,1
190146122550837248,1
190251183372713984,1
190291831835283456,1
190305999690911744,1
190363214320877568,1
190422041838792704,1
190431092557361152,1
190433428123852800,1
190436504987279360,1
190444130478002176,1
190453506154668032,1
190521207108378624,1
190699471589498880,1
190740641321385984,1
190768753753944064,1
190821443683618816,1
190824262368227328,1
191048778547798016,1
191088184088674304,1
191103608059367424,1
191157526702026752,1
191182363734831104,1
191206272227176448,1
191211532725276672,1
191399069589655552,1
191407849698582528,1
191420390818889728,1
191427756234924032,1
191467136895012864,1
191481437444018176,1
191494592684044288,1
191503462715576320,1
191503780382842880,1
191528276025028608,1
191532922611982336,1
191551766599725056,1
191565968908206080,1
191579555398787072,1
191589482090209280,1
191676594242310144,1
191782447344422912,1
191782984184983552,1
191794393563639808,1
191804385046204416,1
191819238994317312,1
191828761824882688,1
191851735895412736,1
191855762521346048,1
191879885090365440,1
191892800208801792,1
191917086137266176,1
191917422524223488,1
191924376117256192,1
191940256938196992,1
191993019012886528,1
192045114406080512,1
192135313900810240,1
192153558562144256,1
192164582819364864,1
192167969139994624,1
192179058097295360,1
192211055824543744,1
192215519681466368,1
192230541077655552,1
192233761031184384,1
192243828575023104,1
192254190950539264,1
192268774968930304,1
192313317045755904,1
192337249907212288,1
192347299967262720,1
192379520970235904,1
192453347066687488,1
192529660638384128,1
192535453177561088,1
192577509383843840,1
192608061805719552,1
192609316440993792,1
192610447378272256,1
192621648802197504,1
192630230181998592,1
192634190828339200,1
192657764774662144,1
192727036780007424,1
192768743676579840,1
192786765580750848,1
192803337121349632,1
192885825998016512,1
192887379176583168,1
192949255938797568,1
193013365381697536,1
193021728206290944,1
193065048276045824,1
193152797556727808,1
193166807346454528,1
193175404561100800,1
193193599111852032,1
193231523178328064,1
193232896094224384,1
193252010072240128,1
193254064267579392,1
193254316929642496,1
193274938858401792,1
193328346775912448,1
193332824681730048,1
193348942500835328,1
193351373018460160,1
193379723032920064,1
193409864017985536,1
193415382491713536,1
193511393568083968,1
193539185233166336,1
193550346564116480,1
193627022048681984,1
193634282003881984,1
193669123886841856,1
193674233915875328,1
193685783888666624,1
193686543600459776,1
193692948191211520,1
193704879948771328,1
193832227202736128,1
193844524017680384,1
193956540253749248,1
193975409639624704,1
194015698161229824,1
194046030699900928,1
194057882317209600,1
194078319645036544,1
194084820494671872,1
194123135796330496,1
194133894166814720,1
194143190033645568,1
194292619667734528,1
194323770824089600,1
194346770971758592,1
194369380339589120,1
194381745392242688,1
194426991798206464,1
194433235301306368,1
194435017120296960,1
194437810444042240,1
194500724345372672,1
194735099617972224,1
194735848388653056,1
194739370209624064,1
194744851598295040,1
194745835993387008,1
194759725628985344,1
194813159096823808,1
195021774946324480,1
195032149562814464,1
195033759668903936,1
195042937890185216,1
195045287126552576,1
195045561409728512,1
195054150820540416,1
195059710400036864,1
195084403583217664,1
195158502346862592,1
195160436913876992,1
195162912728813568,1
195163956046962688,1
195183063061860352,1
195191904397152256,1
195286812943990784,1
195316331947151360,1
195342756756914176,1
195361588428595200,1
195464488714911744,1
195575156283867136,1
195586544068435968,1
195587534652121088,1
195598147255500800,1
195700896774918144,1
195705590919483392,1
195827121515945984,1
195857344375078912,1
195874336867409920,1
195896480303824896,1
195898154459893760,1
195932007168098304,1
195987504804331520,1
196043275422892032,1
196153544184365056,1
196219046931476480,1
196257447027879936,1
196287553145217024,1
196458795110563840,1
196519011025080320,1
196556525440020480,1
196563620743294976,1
196609678052929536,1
196613758224601088,1
196662746145402880,1
196669002201550848,1
196683998710300672,1
196873395109134336,1
196887292233224192,1
196888515335909376,1
196902075368390656,1
196918733048180736,1
196950118566420480,1
196963777956605952,1
197011845438705664,1
197018121966469120,1
197277517649137664,1
197277775249846272,1
197297188496646144,1
197320101028675584,1
197331927562563584,1
197340688103133184,1
197343576676552704,1
197344251529314304,1
197360337441665024,1
197402070237954048,1
197640069342547968,1
197660469890723840,1
197665488558964736,1
197671496705400832,1
197686214449553408,1
197692002318598144,1
197694024071725056,1
197695315126317056,1
197704769245995008,1
197719827684442112,1
197722021942538240,1
197723792442003456,1
197727730051846144,1
197734420879867904,1
197791273518272512,1
197904960046383104,1
197905232785809408,1
197962641599840256,1
197979938607738880,1
198009249650380800,1
198025784248975360,1
198030506980282368,1
198077097434062848,1
198108117722275840,1
198134045684105216,1
198292855508418560,1
198313638053072896,1
198367189382340608,1
198376045671239680,1
198388522559426560,1
198390466182295552,1
198393883467444224,1
198421129127694336,1
198482177409916928,1
198494051051200512,1
198625338893844480,1
198636888364994560,1
198665622210592768,1
198672260467093504,1
198770629233848320,1
198794951020601344,1
198809635684880384,1
198826251649642496,1
198827534849236992,1
199006727301320704,1
199036397340704768,1
199065483693191168,1
199075678119399424,1
199083607008071680,1
199084266403618816,1
199107529739587584,1
199114247003717632,1
199132554534465536,1
199168781140484096,1
199223821808041984,1
199322487370592256,1
199323628881698816,1
199335071935451136,1
199396368466624512,1
199416807225819136,1
199424143261814784,1
199439461486501888,1
199443028829302784,1
199443307966210048,1
199511755853922304,1
199512935286079488,1
199525883244642304,1
199537264824238080,1
199561231933140992,1
199668569905733632,1
199713412138459136,1
199774951439437824,1
199777365589381120,1
199785770350813184,1
199845536601976832,1
199863269940727808,1
199879253921181696,1
199909868195434496,1
199983682429906944,1
200097705635766272,1
200117054739513344,1
200164189332103168,1
200216552711352320,1
200281478863155200,1
200300382148218880,1
200429950058942464,1
200485780143017984,1
200617654353727488,1
200801434124136448,1
200837526327439360,1
200874295533223936,1
200880626967547904,1
200891951790645248,1
200923579487248384,1
201004471337562112,1
201025974703796224,1
201112272211165184,1
201136432285495296,1
201193810224427008,1
201239473400459264,1
201278733521973248,1
201304544890576896,1
201318929484193792,1
201326199346737152,1
201334744411320320,1
201341734867386368,1
201350149653848064,1
201378871861792768,1
201420963966648320,1
201494358642188288,1
201570643630493696,1
201599041701535744,1
201663804269944832,1
201669265642553344,1
201671293520723968,1
201678523891359744,1
201679258054701056,1
201697647880142848,1
201716108603445248,1
201720665582075904,1
201895113366294528,1
201942101479534592,1
202033075190022144,1
202040015330897920,1
202045178183544832,1
202052070581727232,1
202072214779076608,1
202110323896315904,1
202143178508038144,1
202147684391800832,1
202213588352434176,1
202217448052051968,1
202279378766995456,1
202305888241029120,1
202308331370881024,1
202341888537530368,1
202352645189656576,1
202378433896407040,1
202435977631645696,1
202437876845797376,1
202445892966436864,1
202467747285372928,1
202499325318332416,1
202598403473137664,1
202630960149442560,1
202636762161983488,1
202648346397044736,1
202663205843722240,1
202684376018395136,1
202702830400954368,1
202729278005198848,1
202753338785140736,1
202803671361486848,1
202845388088401920,1
202937329912131584,1
202944212647170048,1
202972376317710336,1
202979132434329600,1
202979244496920576,1
203025581706010624,1
203025693403852800,1
203026420502429696,1
203030410366414848,1
203076376588652544,1
203080557058842624,1
203130814972821504,1
203154333609996288,1
203165294771257344,1
203185297294635008,1
203188110748073984,1
203212979240042496,1
203331765440008192,1
203362551663812608,1
203375599104278528,1
203387513844350976,1
203417405781131264,1
203442581212590080,1
203442903015251968,1
203467303023542272,1
203483630850785280,1
203507715688308736,1
203515643828342784,1
203521107418288128,1
203556326429286400,1
203557152392835072,1
203566544921776128,1
203578612453318656,1
203729985815658496,1
203734405693022208,1
203739429692198912,1
203780754609774592,1
203784394913435648,1
203805623050969088,1
203820646208811008,1
203836111281418240,1
203855549363482624,1
203869897000148992,1
203884725373440000,1
203914769272954880,1
203923925028478976,1
203928870035693568,1
204054827891933184,1
204076785760833536,1
204119447869333504,1
204129435674533888,1
204133211602989056,1
204154173739978752,1
204156917947723776,1
204171029256114176,1
204186933926248448,1
204188481458204672,1
204198079457964032,1
204220917092921344,1
204231155591036928,1
204239719813918720,1
204250731568877568,1
204266340683931648,1
204269392353124352,1
204280453787049984,1
204406933194563584,1
204441879386181632,1
204442117677629440,1
204507735461617664,1
204508383310991360,1
204528624664940544,1
204537409601970176,1
204548223565697024,1
204552979496628224,1
204558412825370624,1
204610554094043136,1
204619180932411392,1
204626602541518848,1
204636344237555712,1
204637254301003776,1
204645745035366400,1
204777435510349824,1
204814856017256448,1
204823355302227968,1
204836625790091264,1
204838016125710336,1
204841175371857920,1
204844167545438208,1
204873687226572800,1
204875283283091456,1
204879409749012480,1
204887865515573248,1
204899716351885312,1
204922819872718848,1
204934636606693376,1
204953843750445056,1
204966737670406144,1
204980073243435008,1
205104259509272576,1
205143754188992512,1
205150935047036928,1
205166052822700032,1
205175739469705216,1
205211040204324864,1
205215233775513600,1
205229939632848896,1
205233879790891008,1
205336531685806080,1
205350514803556352,1
205361281765330944,1
205383614358224896,1
205496871183880192,1
205521444068343808,1
205522370651930624,1
205553572060508160,1
205556634613538816,1
205558576100327424,1
205560774134112256,1
205595777328312320,1
205596704871063552,1
205614434013343744,1
205662381920083968,1
205686270544130048,1
205725324660207616,1
205731312002990080,1
205853605348319232,1
205915326783643648,1
205919573023641600,1
205921596173873152,1
205929815047561216,1
205931584539553792,1
205945386247196672,1
205987708462723072,1
206031331367505920,1
206036927598989312,1
206047368382152704,1
206048769225977856,1
206053024870334464,1
206062680420364288,1
206070489261387776,1
206081884889628672,1
206230727778508800,1
206261904789327872,1
206265178955898880,1
206280875240349696,1
206303374570803200,1
206333375526785024,1
206356061426946048,1
206371687420018688,1
206373706474917888,1
206394644629221376,1
206395373476016128,1
206398661842104320,1
206402769108434944,1
206404303872524288,1
206407484177240064,1
206408975974072320,1
206433599399280640,1
206440910668447744,1
206442733460582400,1
206445052447436800,1
206450936742309888,1
206455008158601216,1
206591923401224192,1
206596518725279744,1
206605191017914368,1
206623933562265600,1
206626015609008128,1
206663013545545728,1
206666724303790080,1
206679179056660480,1
206687545720426496,1
206689530089951232,1
206692401908457472,1
206698719628341248,1
206709315007410176,1
206787199363973120,1
206791337529503744,1
206808369602072576,1
206813801341202432,1
206818871862235136,1
206963167508504576,1
206971289556537344,1
206996061250338816,1
207015328473706496,1
207022941993246720,1
207034028062089216,1
207046246003666944,1
207066235679928320,1
207066785599541248,1
207076355631132672,1
207101364085293056,1
207102563539230720,1
207109293575536640,1
207109358914289664,1
207114251861078016,1
207129047880785920,1
207156523533590528,1
207157791293194240,1
207161831640117248,1
207167645704597504,1
207170400323039232,1
207191214733238272,1
207241081360789504,1
207313393973637120,1
207372143902547968,1
207382443983572992,1
207384058615566336,1
207385166790238208,1
207388721608458240,1
207406317233823744,1
207449905874644992,1
207457141886300160,1
207465995130314752,1
207470553568481280,1
207481858954342400,1
207485689110077440,1
207500525399982080,1
207507983948488704,1
207520085481508864,1
207523266595045376,1
207530778932166656,1
207546957213638656,1
207578471968079872,1
207701886314074112,1
207714827716149248,1
207727635966554112,1
207734066888179712,1
207742459066920960,1
207767943235780608,1
207799405668704256,1
207823192844288000,1
207831037376495616,1
207853723578548224,1
207867939875594240,1
207881053123678208,1
207882438956675072,1
207893440209797120,1
207924461420822528,1
207946753990746112,1
208032378132267008,1
208044094811013120,1
208060354446221312,1
208061989582295040,1
208076661049020416,1
208084093538308096,1
208090350436904960,1
208122975785435136,1
208127917310984192,1
208132712643350528,1
208138545736507392,1
208139583143321600,1
208140327191404544,1
208143329974009856,1
208149431430512640,1
208152908177264640,1
208181710303707136,1
208184272272400384,1
208206674878242816,1
208208613124972544,1
208229592977317888,1
208250816925888512,1
208277981233987584,1
208301025290366976,1
208445732682252288,1
208456820298899456,1
208482127689904128,1
208496826752614400,1
208504031529934848,1
208529865192628224,1
208538547550900224,1
208548367741759488,1
208562002034069504,1
208586282017542144,1
208587001040441344,1
208595758526140416,1
208597180910731264,1
208622117448073216,1
208636970144980992,1
208703453273063424,1
208756824167870464,1
208775574058897408,1
208781444288860160,1
208788839752896512,1
208798481844760576,1
208808931584778240,1
208825232005246976,1
208833126369632256,1
208838688270696448,1
208856096979894272,1
208859809042788352,1
208873879851577344,1
208892287345360896,1
208917605066403840,1
208922069865873408,1
208926797061677056,1
208934680327360512,1
208957549920698368,1
208986230565933056,1
209167302059724800,1
209173186296336384,1
209212491012960256,1
209226427055230976,1
209229919691706368,1
209236046916599808,1
209262396166098944,1
209277933060902912,1
209286413294997504,1
209288017600561152,1
209289278620741632,1
209296154834509824,1
209303742687416320,1
209308581620072448,1
209312004112400384,1
209312623428669440,1
209321608204668928,1
209337605806440448,1
209340944836194304,1
209405323952898048,1
209485421700796416,1
209534487129624576,1
209551123996332032,1
209559254173319168,1
209573919514972160,1
209597412155850752,1
209598759978688512,1
209612047432212480,1
209619117416038400,1
209620096822714368,1
209620926665900032,1
209630179498385408,1
209638297138245632,1
209640919835246592,1
209656884171890688,1
209666559702880256,1
209673937113210880,1
209675405990014976,1
209679563493691392,1
209685576809082880,1
209687388135612416,1
209703257465872384,1
209703394578063360,1
209780056397561856,1
209844768437280768,1
209866743648120832,1
209871628146663424,1
209910979112697856,1
209911677605036032,1
209918445770936320,1
209920015983026176,1
209923171908939776,1
209937090516205568,1
209951071445180416,1
209961786161348608,1
209965579379298304,1
209971701779009536,1
209972990974816256,1
209980340383825920,1
209980730707832832,1
209988117335351296,1
210010230986326016,1
210014282749190144,1
210015517304201216,1
210025161620885504,1
210029300576038912,1
210031938431037440,1
210045050111516672,1
210053840626339840,1
210089636331302912,1
210118099927216128,1
210160732567658496,1
210205162336751616,1
210232901168676864,1
210272354321707008,1
210282529751818240,1
210283525920546816,1
210295631748362240,1
210314404758962176,1
210315463449042944,1
210318814161489920,1
210361488718184448,1
210367394336890880,1
210375463771500544,1
210386254271029248,1
210389360345374720,1
210401880847151104,1
210406822096568320,1
210412087832399872,1
210430343513108480,1
210539932575727616,1
210546685319340032,1
210555780712820736,1
210565351278960640,1
210575610657656832,1
210579077939773440,1
210597039551963136,1
210652080321228800,1
210654136480919552,1
210655169711456256,1
210668072158117888,1
210691867327627264,1
210698316909576192,1
210699034575060992,1
210709689487933440,1
210715732250824704,1
210726242873573376,1
210735431590637568,1
210811437867499520,1
210828443183132672,1
210854214547140608,1
210983658734792704,1
211017936999391232,1
211037600940429312,1
211044458010574848,1
211046630341525504,1
211051316862418944,1
211054092934336512,1
211061301858775040,1
211066388755410944,1
211076542599483392,1
211086321243054080,1
211089915619119104,1
211152068930891776,1
211153601390882816,1
211154668632207360,1
211217097276465152,1
211310554420125696,1
211315953619529728,1
211349588079763456,1
211352886867718144,1
211356990254067712,1
211358281468784640,1
211389941419732992,1
211394244749205504,1
211415996953247744,1
211424134008537088,1
211430187045654528,1
211433637371162624,1
211444540385251328,1
211448771450454016,1
211450422703628288,1
211455522876678144,1
211456369861070848,1
211465168611860480,1
211469931482877952,1
211474482952040448,1
211474741653094400,1
211475798622863360,1
211489473802452992,1
211499000907276288,1
211507668836450304,1
211514040959954944,1
211516317756260352,1
211516348105707520,1
211520732036755456,1
211524426681655296,1
211524620038062080,1
211564066330779648,1
211658120313876480,1
211691719187562496,1
211746522260926464,1
211753088083939328,1
211835351251202048,1
211855368038797312,1
211855696077033472,1
211878827369275392,1
212014440672849920,1
212033892712517632,1
212062347996577792,1
212072475004370944,1
212106407829389312,1
212114112551407616,1
212131192842268672,1
212134086477787136,1
212152611366330368,1
212167657416998912,1
212173587441795072,1
212177569339420672,1
212189822566096896,1
212197078556119040,1
212198688204255232,1
212199380662845440,1
212203704198238208,1
212207458801459200,1
212209521905143808,1
212215129901547520,1
212220017436397568,1
212223016916164608,1
212254390881103872,1
212363995924590592,1
212381810151235584,1
212427197642948608,1
212441549808934912,1
212443471415222272,1
212456732740956160,1
212456935417339904,1
212471170512584704,1
212473310759485440,1
212482564949557248,1
212483242488803328,1
212494763003092992,1
212506656846659584,1
212518326423785472,1
212521029233979392,1
212521844728766464,1
212525171368239104,1
212527045944631296,1
212544180944707584,1
212545693373468672,1
212554798696378368,1
212559321693724672,1
212560650863308800,1
212564240874000384,1
212571544657137664,1
212599279132487680,1
212600836419678208,1
212638712378523648,1
212656830303498240,1
212728539760910336,1
212790540650733568,1
212830273559486464,1
212856062095187968,1
212858572985753600,1
212874557694779392,1
212899595124899840,1
212904131650433024,1
212907319734210560,1
212915799993368576,1
212939137086992384,1
212942851079835648,1
213014138493816832,1
213016847803219968,1
213063490631352320,1
213094505457418240,1
213153742819553280,1
213155068241424384,1
213193396771368960,1
213209338352349184,1
213224923217178624,1
213239181970202624,1
213245296328708096,1
213254991857020928,1
213261951284830208,1
213275375984250880,1
213278551247421440,1
213280743084916736,1
213286310845468672,1
213291649628176384,1
213299665701883904,1
213325556258369536,1
213356923890941952,1
213374148118712320,1
213386756664291328,1
213432753298833408,1
213524586730205184,1
213526207598759936,1
213542179283865600,1
213549827328638976,1
213565849626775552,1
213571494893056000,1
213572752246673408,1
213585442273468416,1
213612097619251200,1
213657508475367424,1
213712954403889152,1
213722533055238144,1
213731814151225344,1
213734366180679680,1
213768012730687488,1
213809153688129536,1
213835327058182144,1
213889536500867072,1
213908390173118464,1
213920502172270592,1
213936421013446656,1
213943974792921088,1
213957669229019136,1
213963755214282752,1
213968419647291392,1
213979655905832960,1
213984874925563904,1
213991089139056640,1
214001808809267200,1
214008743751307264,1
214032076633305088,1
214039441022709760,1
214041044475518976,1
214063054398885888,1
214083512557056000,1
214097968056041472,1
214110885822722048,1
214120895516762112,1
214147149767589888,1
214188331101122560,1
214198713111842816,1
214200568381259776,1
214228168083648512,1
214239891894841344,1
214245384446361600,1
214246459816759296,1
214252902560387072,1
214269068263763968,1
214297612239466496,1
214329736357142528,1
214332922102951936,1
214336797323132928,1
214349828290277376,1
214353206274772992,1
214358319096737792,1
214379502880219136,1
214388696758358016,1
214390755328036864,1
214443878276501504,1
214562353798082560,1
214574097986867200,1
214591665563529216,1
214604999587086336,1
214624162375045120,1
214625579101925376,1
214631338254880768,1
214633772776366080,1
214643558244864000,1
214646644042457088,1
214649991258521600,1
214665362341404672,1
214671533153341440,1
214679377751207936,1
214684028358332416,1
214724682386042880,1
214727920784306176,1
214733099436064768,1
214733103893516288,1
214742664459771904,1
214742860626518016,1
214750860497240064,1
214756226581479424,1
214767685575245824,1
214774108900323328,1
214775656619335680,1
214805186755325952,1
214822142403756032,1
214854744485076992,1
214880730386673664,1
214931311382609920,1
214940379530821632,1
214964027783942144,1
214968265492008960,1
214970307816280064,1
214971796467908608,1
214995126538575872,1
215000435533606912,1
215014786468581376,1
215031415006146560,1
215035724927062016,1
215037177714323456,1
215050301259927552,1
215071454053568512,1
215074268298276864,1
215075243166060544,1
215076585772064768,1
215101963829190656,1
215108970684088320,1
215109346789060608,1
215112470205202432,1
215120852750798848,1
215125337421352960,1
215137413002825728,1
215149032248496128,1
215266054472237056,1
215285662351560704,1
215311408760217600,1
215315227171119104,1
215346440026963968,1
215351761369710592,1
215353716270825472,1
215357265697918976,1
215361509784059904,1
215384934774005760,1
215413632517439488,1
215415137516441600,1
215420873633230848,1
215442475161915392,1
215452863863730176,1
215462487732883456,1
215465278784319488,1
215466688846569472,1
215478834231889920,1
215479256630132736,1
215490735088058368,1
215527144692723712,1
215539916485017600,1
215667867438120960,1
215675380643770368,1
215680631147302912,1
215686892375613440,1
215705872990588928,1
215710915922427904,1
215714692533637120,1
215715102156816384,1
215732906016288768,1
215740638856847360,1
215746182559457280,1
215752780491055104,1
215756069628891136,1
215760284001050624,1
215767657187299328,1
215770988142776320,1
215780466451189760,1
215783053833998336,1
215796678189953024,1
215801150042755072,1
215804050294222848,1
215806773360934912,1
215813699850432512,1
215817044891938816,1
215818096771035136,1
215818899271344128,1
215827032396800000,1
215841014069624832,1
215844684279336960,1
215847920328044544,1
215865647761113088,1
215869376158605312,1
215869613855383552,1
215880343021596672,1
215881651158986752,1
215978071302291456,1
216013834658697216,1
216035872774692864,1
216039520038334464,1
216063946915852288,1
216073167683002368,1
216075988467814400,1
216083791747420160,1
216088471113826304,1
216090339248578560,1
216106799953424384,1
216116075379048448,1
216132317277700096,1
216138253114859520,1
216141320326967296,1
216149283867131904,1
216173089648476160,1
216176719314722816,1
216176749315366912,1
216177065050173440,1
216178144056807424,1
216199132746018816,1
216200310202261504,1
216217018172309504,1
216236436048302080,1
216242049945432064,1
216250798308962304,1
216298014096556032,1
216344302926761984,1
216344833661968384,1
216391187162796032,1
216416143323136000,1
216421508056756224,1
216432831848484864,1
216436886818709504,1
216472970817630208,1
216473598710206464,1
216480253716320256,1
216520653057183744,1
216525361031081984,1
216530639644463104,1
216539352768475136,1
216548343085113344,1
216552200192999424,1
216554381869027328,1
216558742359781376,1
216563861039607808,1
216571346626273280,1
216599286694563840,1
216613263883182080,1
216657423097864192,1
216664436945141760,1
216708044376498176,1
216738577754718208,1
216755508740882432,1
216778271977627648,1
216780113707380736,1
216795745983815680,1
216809641501859840,1
216810680464723968,1
216814406237024256,1
216826668500815872,1
216830061311213568,1
216835954632421376,1
216839707640614912,1
216847685259747328,1
216849419802312704,1
216868255350190080,1
216870930979074048,1
216881366064316416,1
216887714955747328,1
216891040070901760,1
216898050642325504,1
216916202283704320,1
216924085808414720,1
216927012112601088,1
216933529443266560,1
216935580215459840,1
216940030121345024,1
216949299241816064,1
216952049106628608,1
216954205640024064,1
216960932938575872,1
216961236371673088,1
217000104121798656,1
217066084329291776,1
217129418594238464,1
217137036835737600,1
217146886093299712,1
217185016440315904,1
217195052811595776,1
217201387203190784,1
217211613259186176,1
217221767439089664,1
217222381631401984,1
217230779521540096,1
217236008220844032,1
217256934216773632,1
217261107580854272,1
217270489316397056,1
217270738682929152,1
217287190945054720,1
217288259732148224,1
217328586684891136,1
217352707012145152,1
217434259324751872,1
217435235510005760,1
217477787749003264,1
217532607864672256,1
217540959089029120,1
217574238818750464,1
217598485809004544,1
217606229047447552,1
217610275150606336,1
217614254052438016,1
217618863003103232,1
217620241719300096,1
217635889661419520,1
217641321754230784,1
217645535619387392,1
217649298478972928,1
217660164779655168,1
217669045895270400,1
217673159147794432,1
217837828619673600,1
217877413107982336,1
217880292514918400,1
217904314338435072,1
217931534104891392,1
217966791943282688,1
217971139727159296,1
217975919911186432,1
217988236293775360,1
217993505526480896,1
217995370485145600,1
218027958964285440,1
218036425669713920,1
218043459868934144,1
218067893457285120,1
218076716764397568,1
218077507350061056,1
218123527961526272,1
218178353890967552,1
218238177826152448,1
218276621086306304,1
218290113914077184,1
218299020019638272,1
218303592109293568,1
218309916083929088,1
218310579073433600,1
218314556996161536,1
218317445269184512,1
218322862926233600,1
218323348416909312,1
218329223593459712,1
218330584168034304,1
218368990998999040,1
218389133247426560,1
218396427481612288,1
218397221778657280,1
218400538178981888,1
218402860469350400,1
218414846116900864,1
218417595613237248,1
218419495544582144,1
218423944495505408,1
218424843700293632,1
218443276932210688,1
218467450798473216,1
218497588234653696,1
218513137565536256,1
218520839039500288,1
218527737001181184,1
218556808966520832,1
218582209979416576,1
218601934627962880,1
218610646001541120,1
218611633412169728,1
218614025862221824,1
218620176277573632,1
218621128665894912,1
218628168244867072,1
218637506021126144,1
218662276551598080,1
218663849107460096,1
218664953448562688,1
218665387867467776,1
218687091319717888,1
218690213620817920,1
218691658259595264,1
218693944801918976,1
218707992910696448,1
218713499534909440,1
218717807328026624,1
218739371215564800,1
218748721587523584,1
218749920645865472,1
218752614531870720,1
218773068849582080,1
218864140575215616,1
218914344266358784,1
218940355235913728,1
218958652983787520,1
219020686664077312,1
219033959421972480,1
219037465401311232,1
219040584207159296,1
219062299287592960,1
219069348468445184,1
219076495515488256,1
219077373718650880,1
219078855209902080,1
219080372152532992,1
219098303709986816,1
219109230516469760,1
219117405441732608,1
219141016941731840,1
219155932785840128,1
219205943866740736,1
219276673309356032,1
219284599696150528,1
219291963132534784,1
219322634964299776,1
219330454208880640,1
219334027508850688,1
219347513559556096,1
219368102930231296,1
219373310253903872,1
219391022715408384,1
219394317559336960,1
219394541932085248,1
219414151892856832,1
219418269116653568,1
219421702618566656,1
219423017777848320,1
219432700774809600,1
219432991594479616,1
219437177458388992,1
219437229384957952,1
219438889907433472,1
219448999617011712,1
219465794446893056,1
219466614198284288,1
219466910650404864,1
219472801360646144,1
219493203629518848,1
219501893890625536,1
219523620949938176,1
219592996699750400,1
219627218169311232,1
219630631164747776,1
219637018674380800,1
219646797690724352,1
219649922485792768,1
219653044839944192,1
219670036461211648,1
219671913379102720,1
219678619485519872,1
219681792211644416,1
219682945576726528,1
219705226250215424,1
219714957574139904,1
219715112375988224,1
219729098484994048,1
219743856109256704,1
219744514709254144,1
219749536044015616,1
219753905941577728,1
219757603196735488,1
219759715019857920,1
219771769070276608,1
219783068130926592,1
219793270755897344,1
219793604922224640,1
219793794116722688,1
219801948603768832,1
219815806573883392,1
219819674165022720,1
219820842279649280,1
219828351133298688,1
219838468848377856,1
219838821387239424,1
219850714660724736,1
219857158218919936,1
219866413433700352,1
219915991820472320,1
219935832424951808,1
219949038119428096,1
219991772541919232,1
220002670422536192,1
220008092893880320,1
220023830281654272,1
220049378769039360,1
220055727567892480,1
220076429536710656,1
220078757984784384,1
220086762993975296,1
220096597734637568,1
220107304678952960,1
220111048835231744,1
220132205674905600,1
220147991651418112,1
220191634552602624,1
220207483806437376,1
220232945036607488,1
220315303710515200,1
220359201492860928,1
220366565953208320,1
220386626813542400,1
220400670250647552,1
220404307610271744,1
220412598456643584,1
220428840500801536,1
220440271462727680,1
220441678640402432,1
220457810958651392,1
220462624850071552,1
220465417498116096,1
220481749099954176,1
220488792548200448,1
220493076437753856,1
220499092011442176,1
220508315456421888,1
220512353841950720,1
220513716735557632,1
220515082013601792,1
220522990247645184,1
220531569380220928,1
220539562285346816,1
220539903625814016,1
220540786674110464,1
220550095442448384,1
220550682753433600,1
220556352117014528,1
220559220424638464,1
220562280927076352,1
220564593961295872,1
220566055311757312,1
220573189253906432,1
220576934561574912,1
220604880977580032,1
220613468246220800,1
220618530725441536,1
220744441412145152,1
220747138510102528,1
220753652167946240,1
220765759364157440,1
220768009686679552,1
220778962254569472,1
220783806439706624,1
220786981172469760,1
220788560791781376,1
220792529445793792,1
220792956220403712,1
220793123073941504,1
220797523363184640,1
220807851672256512,1
220815617242845184,1
220818329317957632,1
220823452208697344,1
220825621532205056,1
220830062168076288,1
220844571628679168,1
220846653624541184,1
220850124207677440,1
220851382596886528,1
220859727777914880,1
220865732605386752,1
220876253417799680,1
220885257704845312,1
220886137295130624,1
220893913981935616,1
220906984222203904,1
220908545676644352,1
220908553683456000,1
220920955784798208,1
220925183481225216,1
220926176320307200,1
220940641613668352,1
220972043336810496,1
220976999776161792,1
221012425606209536,1
221070990651351040,1
221113509072642048,1
221115047163265024,1
221141616231436288,1
221144751416238080,1
221149107763621888,1
221154087925444608,1
221159210782633984,1
221169319775637504,1
221183567746236416,1
221206700538187776,1
221212272285532160,1
221219281946013696,1
221222572781117440,1
221230340214714368,1
221238348950536192,1
221243105086894080,1
221243586376138752,1
221248587359432704,1
221250631438266368,1
221263301119610880,1
221280814549757952,1
221293762536927232,1
221311850378489856,1
221321890431778816,1
221337556949590016,1
221472483486703616,1
221472564376096768,1
221482986295222272,1
221492279462014976,1
221498438919057408,1
221504112189075456,1
221527796349693952,1
221530773029736448,1
221582191993843712,1
221594047631937536,1
221597963791462400,1
221619217237110784,1
221626456482668544,1
221636129620557824,1
221636322522099712,1
221638002124214272,1
221641155021148160,1
221644405835386880,1
221666309272264704,1
221676537865117696,1
221677433706070016,1
221678575832272896,1
221773575892168704,1
221777727092760576,1
221797468316778496,1
221812990550069248,1
221820817253531648,1
221825732391149568,1
221827742251528192,1
221840845794021376,1
221850563370754048,1
221852420781305856,1
221858904032751616,1
221868061573500928,1
221878109550284800,1
221883808646459392,1
221887566287327232,1
221894471031873536,1
221895265648140288,1
221898953213767680,1
221900662439522304,1
221926056913137664,1
221929648056119296,1
221930581042794496,1
221931692219723776,1
221931889473433600,1
221939085250273280,1
221949814312747008,1
221952075301052416,1
221958233953718272,1
221963088486862848,1
221972238851121152,1
221977400244002816,1
221980032506486784,1
221984711855161344,1
222000955867500544,1
222007416750120960,1
222008654802309120,1
222011793888350208,1
222012824285007872,1
222018534060589056,1
222020713060814848,1
222022216293474304,1
222135671114383360,1
222160878831198208,1
222174178014011392,1
222176362096939008,1
222194287154905088,1
222195607785615360,1
222198512317906944,1
222215736595906560,1
222226389587881984,1
222231708758102016,1
222245836746104832,1
222247635176165376,1
222250421318496256,1
222258420564185088,1
222262103844642816,1
222263953683521536,1
222269689344405504,1
222273701046546432,1
222277505359458304,1
222279421915447296,1
222285690321854464,1
222294875198181376,1
222303010399432704,1
222308757001834496,1
222309226606120960,1
222334358210240512,1
222335349145407488,1
222350545165873152,1
222353287972339712,1
222356128174219264,1
222365053718876160,1
222368365640724480,1
222379365799751680,1
222396247130415104,1
222405348757508096,1
222408229869072384,1
222415713212751872,1
222489593992060928,1
222492686669533184,1
222518506194358272,1
222525696445673472,1
222529655328129024,1
222548943582695424,1
222553773723320320,1
222563925972402176,1
222564622363676672,1
222565193862303744,1
222565769839783936,1
222575696771461120,1
222578666885120000,1
222601817276977152,1
222603902886133760,1
222607620009611264,1
222609004280762368,1
222610691497041920,1
222611411490390016,1
222633787758018560,1
222634670204850176,1
222635561389969408,1
222639769321705472,1
222645466959228928,1
222647202068226048,1
222647957053960192,1
222653529238552576,1
222660253102661632,1
222674796042567680,1
222677744574238720,1
222680848608833536,1
222695647303041024,1
222696233389854720,1
222698067770654720,1
222706521956069376,1
222707688306188288,1
222713729763074048,1
222718153523884032,1
222719875643887616,1
222720700773978112,1
222726439777198080,1
222730217811456000,1
222733339946995712,1
222748594323034112,1
222752763873509376,1
222756746570665984,1
222770731417853952,1
222789653330370560,1
222797452043345920,1
222890077969195008,1
222958578860953600,1
222959488485289984,1
222959645219393536,1
222969651912761344,1
222979208708456448,1
222984446137356288,1
222996336420610048,1
222999466566049792,1
223000842956673024,1
223004443351502848,1
223009254703222784,1
223009978453962752,1
223011483496931328,1
223015689653112832,1
223023948781727744,1
223032932964261888,1
223034620908511232,1
223034922569216000,1
223048592139452416,1
223053444646633472,1
223054690235625472,1
223059368245829632,1
223060570851348480,1
223065581226749952,1
223068286893789184,1
223070794539810816,1
223082844934680576,1
223086153581608960,1
223087502241812480,1
223087670008438784,1
223087791172321280,1
223091271456432128,1
223092596224712704,1
223101832941424640,1
223105615821103104,1
223110306173980672,1
223115959088062464,1
223122465793318912,1
223123374349897728,1
223131884291674112,1
223142937926971392,1
223152574045388800,1
223156307020980224,1
223157456764661760,1
223187005933105152,1
223221585619484672,1
223256408234688512,1
223257279989555200,1
223262781220425728,1
223281015691010048,1
223290044510507008,1
223299539468230656,1
223300559729442816,1
223300604907241472,1
223305237230866432,1
223326406303551488,1
223332813611368448,1
223342917308682240,1
223352358581243904,1
223363925681537024,1
223377788896841728,1
223379152126218240,1
223384685531467776,1
223386473226248192,1
223387752696733696,1
223395056606535680,1
223408868210782208,1
223409986783006720,1
223414893628469248,1
223431956087013376,1
223437908242939904,1
223438077282541568,1
223440818764873728,1
223441653741273088,1
223446877359009792,1
223448474261987328,1
223456938744668160,1
223460064674435072,1
223460773292158976,1
223512353658793984,1
223567233611567104,1
223613696536301568,1
223632991867879424,1
223637495764557824,1
223638477766852608,1
223643431190466560,1
223646370409000960,1
223648063970017280,1
223676423457124352,1
223681274027876352,1
223685645102600192,1
223693271823572992,1
223700050162532352,1
223728329911201792,1
223731968334749696,1
223734430092124160,1
223736166564712448,1
223751873008656384,1
223768001179627520,1
223775983870595072,1
223778926628560896,1
223787838548819968,1
223789813275299840,1
223799097040633856,1
223800657507192832,1
223806237769953280,1
223806643596165120,1
223809575583641600,1
223819678585409536,1
223830542928281600,1
223833997912768512,1
223837659502813184,1
223850215071924224,1
223863547337981952,1
223865085311467520,1
223882358146244608,1
223937973607546880,1
223947543603154944,1
223954755000655872,1
223974571152207872,1
224009018979213312,1
224011807143755776,1
224027865521500160,1
224029115786584064,1
224049866435125248,1
224056738069278720,1
224064232880308224,1
224068225957728256,1
224080850819055616,1
224099173557604352,1
224099217493389312,1
224107329057148928,1
224107847116554240,1
224112185818476544,1
224112904692297728,1
224114258037739520,1
224116117176700928,1
224119859940556800,1
224127556910673920,1
224127624540266496,1
224131397095534592,1
224153517698363392,1
224155122884698112,1
224160612075831296,1
224176901859164160,1
224179951361040384,1
224184074475483136,1
224188867601842176,1
224196155181907968,1
224216892819189760,1
224230670395523072,1
224235924555632640,1
224273855242539008,1
224317991688736768,1
224329906076049408,1
224346656043872256,1
224348125224435712,1
224378899357659136,1
224384410297708544,1
224389454705319936,1
224390470604718080,1
224392352456974336,1
224399663040880640,1
224401223988502528,1
224404406909329408,1
224414215995269120,1
224415005401448448,1
224426353485926400,1
224439584204169216,1
224447513598066688,1
224463647583227904,1
224465967366766592,1
224469965496745984,1
224474216114720768,1
224498259461906432,1
224502919206404096,1
224505184025812992,1
224514380641304576,1
224520518507081728,1
224521581184729088,1
224521627716218880,1
224527609236889600,1
224535145476927488,1
224541275508965376,1
224548715512877056,1
224558241877696512,1
224558828497506304,1
224564030380093440,1
224599096998682624,1
224671035907502080,1
224739639912173568,1
224742263721955328,1
224755095762079744,1
224774846062780416,1
224776584830296064,1
224800352863694848,1
224800809699975168,1
224803506823299072,1
224805678892920832,1
224811147687772160,1
224812538551439360,1
224819470710624256,1
224820701726576640,1
224822203608076288,1
224835471782326272,1
224837735868895232,1
224854414528278528,1
224869722483810304,1
224889820074418176,1
224893925776502784,1
224898089531379712,1
224903809725120512,1
224903981837410304,1
224905297027452928,1
224905864997117952,1
224914168837492736,1
224925800912191488,1
224926930653933568,1
224930448642211840,1
225037678514589696,1
225063215094087680,1
225064427178741760,1
225067105264611328,1
225087862010011648,1
225097973484662784,1
225104853849464832,1
225114289439997952,1
225134130420011008,1
225135427719663616,1
225156010095951872,1
225171219906162688,1
225181408335405056,1
225190534555783168,1
225190950968287232,1
225193418653409280,1
225194900703621120,1
225195609399463936,1
225195688553496576,1
225209203047243776,1
225214118249648128,1
225222303666167808,1
225226259835535360,1
225230662602256384,1
225233591588290560,1
225236072619356160,1
225237285294776320,1
225240658903158784,1
225251377574629376,1
225255908227960832,1
225257561748668416,1
225257996835655680,1
225258742425874432,1
225264082757414912,1
225270816131604480,1
225274747971325952,1
225276485338669056,1
225281433078247424,1
225287382351937536,1
225289799790514176,1
225292985209188352,1
225296224256618496,1
225392670399733760,1
225430596843376640,1
225433970299752448,1
225443729108385792,1
225448863301087232,1
225449178330423296,1
225453767384895488,1
225463351428386816,1
225490497019240448,1
225491653554696192,1
225495998127464448,1
225496817686728704,1
225497088514158592,1
225500888536993792,1
225505107110096896,1
225507612270723072,1
225515320396972032,1
225515899580276736,1
225521811860484096,1
225522455775207424,1
225534909110972416,1
225540017357811712,1
225541396344320000,1
225541488531456000,1
225542154263973888,1
225552059121025024,1
225575941626798080,1
225582914209751040,1
225585893674463232,1
225595627557117952,1
225602755248967680,1
225605068614049792,1
225608610646384640,1
225620883411939328,1
225621150590873600,1
225626380012113920,1
225640584255819776,1
225653184433463296,1
225654443279847424,1
225658783136153600,1
225704838596485120,1
225732718390177792,1
225775765685477376,1
225784741224599552,1
225810766008328192,1
225830055205380096,1
225835369583534080,1
225837496702693376,1
225842304607436800,1
225844371170590720,1
225848278150545408,1
225848908085710848,1
225849973782675456,1
225861883796439040,1
225871585634516992,1
225871689092136960,1
225876201411584000,1
225876306864111616,1
225882828001939456,1
225885328110743552,1
225888465739931648,1
225889500353282048,1
225913547258949632,1
225914627781144576,1
225917594732642304,1
225920961255772160,1
225929869806993408,1
225933120733818880,1
225933581480128512,1
225934154547023872,1
225943199943688192,1
225950403808403456,1
225951438789877760,1
225957537945714688,1
225964730874404864,1
225965712763998208,1
225968377458245632,1
225972769146855424,1
225973762932326400,1
225974920135479296,1
225986833257988096,1
225998565482954752,1
226000931799842816,1
226001041930862592,1
226011734341595136,1
226015725827362816,1
226022532099039232,1
226027865578979328,1
226047283948056576,1
226047859416801280,1
226051054983806976,1
226071160245972992,1
226105141322035200,1
226134080343973888,1
226139240066510848,1
226172791914913792,1
226181378455588864,1
226183037954416640,1
226196712604512256,1
226199072464117760,1
226221572455837696,1
226229699682721792,1
226231268228911104,1
226237927304511488,1
226241092395683840,1
226242142557769728,1
226242595193266176,1
226265126147883008,1
226267181764366336,1
226269902596812800,1
226288770961076224,1
226290871271993344,1
226291841510014976,1
226292433175699456,1
226297498666704896,1
226299938361102336,1
226304577028804608,1
226307235151101952,1
226310683047346176,1
226318460551364608,1
226326296020656128,1
226327381371678720,1
226327543259652096,1
226335193134415872,1
226336773186412544,1
226339747583385600,1
226340086955880448,1
226340193630191616,1
226342048904462336,1
226345553591783424,1
226348050377019392,1
226351452168671232,1
226352502685573120,1
226354683391012864,1
226356082290974720,1
226357531405459456,1
226362069716004864,1
226365700062195712,1
226371371288231936,1
226380672846675968,1
226382350099062784,1
226387862074761216,1
226389546961281024,1
226390503201308672,1
226393200665096192,1
226394541843722240,1
226428872100986880,1
226521004769910784,1
226534534485114880,1
226537775250157568,1
226545030397435904,1
226554696072732672,1
226556620923191296,1
226571449559023616,1
226574686653214720,1
226580158965551104,1
226588625413529600,1
226588795729584128,1
226591025324740608,1
226595695763128320,1
226606796577792000,1
226611636103520256,1
226617821294768128,1
226619442176991232,1
226624143236014080,1
226626270001590272,1
226629149793796096,1
226631955167100928,1
226631999328014336,1
226651107501383680,1
226674629037367296,1
226676688792944640,1
226679113113174016,1
226679755941216256,1
226683233585352704,1
226684128513630208,1
226684660334170112,1
226684968533643264,1
226696206910201856,1
226698289847742464,1
226703259948969984,1
226704303891578880,1
226705612558471168,1
226715744590761984,1
226718914531205120,1
226731540397862912,1
226733782595796992,1
226751969067483136,1
226769091550556160,1
226791719997755392,1
226815729850806272,1
226866559416102912,1
226884102799822848,1
226885100709281792,1
226890800355815424,1
226894291017379840,1
226917029738565632,1
226928899513548800,1
226930977026838528,1
226931997591085056,1
226939773618819072,1
226940321171308544,1
226944802240790528,1
226946540807208960,1
226956729000591360,1
226961752866140160,1
226963156458631168,1
226966843370180608,1
226980692764188672,1
226982180234764288,1
226992721557164032,1
227013548974747648,1
227022744997412864,1
227028476062224384,1
227035603258494976,1
227037767220912128,1
227038036691124224,1
227053334526726144,1
227054721509154816,1
227060893603291136,1
227069238076534784,1
227071010315071488,1
227072705136873472,1
227076505511399424,1
227087606279122944,1
227089914970374144,1
227096203269713920,1
227096325984944128,1
227110306599133184,1
227110317347872768,1
227115814898012160,1
227118094626406400,1
227133012921184256,1
227158679740112896,1
227218797174513664,1
227228830375718912,1
227257968933777408,1
227280007139962880,1
227282922783789056,1
227285536292020224,1
227294971435814912,1
227301125140963328,1
227303016577003520,1
227309768160940032,1
227311540430114816,1
227315756759556096,1
227319570881159168,1
227321079224995840,1
227332057838567424,1
227344785556488192,1
227355572089196544,1
227355737631174656,1
227359880054755328,1
227362853429796864,1
227366248925429760,1
227372195225825280,1
227375135561650176,1
227375163365429248,1
227385859833827328,1
227393328383381504,1
227402309979353088,1
227402471980507136,1
227404217970470912,1
227404570827370496,1
227407952912986112,1
227408518574817280,1
227408599965675520,1
227412547588788224,1
227413406143041536,1
227425357495291904,1
227425428562800640,1
227430336426643456,1
227430921774059520,1
227431269135425536,1
227433796843872256,1
227438919254663168,1
227444292159369216,1
227447208464842752,1
227447632615530496,1
227447889223475200,1
227452420663558144,1
227457288872779776,1
227541323936800768,1
227568644091850752,1
227572474496303104,1
227582891274883072,1
227586841727320064,1
227605149429522432,1
227623271263875072,1
227638464822562816,1
227642201792364544,1
227644529318432768,1
227669190015299584,1
227673763694661632,1
227679571125452800,1
227685202589646848,1
227687410462130176,1
227692453163384832,1
227702642553675776,1
227703255599882240,1
227703868801323008,1
227706731530260480,1
227710383703465984,1
227714422326755328,1
227715982287151104,1
227717009653235712,1
227720079518040064,1
227720447402610688,1
227732046969393152,1
227741429275627520,1
227743656910860288,1
227744175547121664,1
227744765339758592,1
227745475710140416,1
227745799837650944,1
227747672047149056,1
227755553400631296,1
227755718615838720,1
227760256293642240,1
227771673215004672,1
227774933557440512,1
227776414389682176,1
227776892059168768,1
227778097708683264,1
227778189989650432,1
227782413685760000,1
227786275492331520,1
227787416922099712,1
227787672518438912,1
227788949171449856,1
227790352282603520,1
227790415049715712,1
227792703124402176,1
227794202437296128,1
227800704883589120,1
227801294934339584,1
227801798823092224,1
227801963270762496,1
227802306846097408,1
227805720941834240,1
227807261526167552,1
227808761999519744,1
227844523376226304,1
227848413621309440,1
227928172609253376,1
227934089203793920,1
227945162017779712,1
227948295314235392,1
227954140307603456,1
227962316314591232,1
227964112257171456,1
227982875864768512,1
227988255413354496,1
227989389886775296,1
227994223480274944,1
227995589909684224,1
227997266333175808,1
228000685512208384,1
228010078825943040,1
228014961751490560,1
228017822319706112,1
228021748600967168,1
228031309975044096,1
228035718200725504,1
228039229493780480,1
228042401005150208,1
228059695055077376,1
228068387503230976,1
228069426778619904,1
228073218275151872,1
228080428509155328,1
228083651546009600,1
228093554596216832,1
228095042851897344,1
228116621287907328,1
228117180576669696,1
228120437973364736,1
228120635970535424,1
228121124883525632,1
228122281156550656,1
228124859507302400,1
228125510111522816,1
228126339968847872,1
228127221663895552,1
228133091994046464,1
228140848963895296,1
228141315314159616,1
228153043564867584,1
228168111171989504,1
228168467596918784,1
228169506495434752,1
228169910895476736,1
228184306025291776,1
228187200867082240,1
228192552853848064,1
228192768268390400,1
228205584473096192,1
228214863829356544,1
228215713469153280,1
228215983441494016,1
228237810623356928,1
228277080369573888,1
228279400357769216,1
228281839103442944,1
228311856844337152,1
228326319838265344,1
228327197846753280,1
228336287827914752,1
228336340322824192,1
228346205314281472,1
228351517918248960,1
228366396431884288,1
228373700584124416,1
228378775576190976,1
228380914591895552,1
228382202582519808,1
228382771711168512,1
228386251776299008,1
228390628194619392,1
228393075484909568,1
228394733615353856,1
228399866452074496,1
228408858824863744,1
228409731185680384,1
228415697576955904,1
228424580854554624,1
228432272565182464,1
228437898007724032,1
228441715270324224,1
228450250996715520,1
228452537100734464,1
228460835968581632,1
228461261697941504,1
228463150041026560,1
228464995536736256,1
228467455537901568,1
228469189142999040,1
228474662603288576,1
228476536500645888,1
228477807520161792,1
228478170846982144,1
228482576969994240,1
228488666062598144,1
228489145386270720,1
228489682599694336,1
228489795353452544,1
228490748257345536,1
228493808804106240,1
228495118709342208,1
228497240870920192,1
228503020710334464,1
228507601285079040,1
228512490101022720,1
228513547737784320,1
228515334136868864,1
228516253458964480,1
228517174514323456,1
228517726486073344,1
228518471287599104,1
228518988087881728,1
228522668937334784,1
228523589262893056,1
228523831392497664,1
228523940303261696,1
228526352120582144,1
228527135041228800,1
228531420888870912,1
228533111809765376,1
228534779771355136,1
228539748707479552,1
228540014895853568,1
228540880306606080,1
228543712661348352,1
228545675966337024,1
228552303524134912,1
228555566404362240,1
228556146911617024,1
228569710306893824,1
228575031734767616,1
228581620753395712,1
228584973281005568,1
228590474411077632,1
228611028722790400,1
228613246134505472,1
228641346148745216,1
228674629657751552,1
228680660830851072,1
228684547972374528,1
228693919208534016,1
228697065926475776,1
228697612278321152,1
228723240191066112,1
228725672081575936,1
228729235546701824,1
228731366289784832,1
228735355531710464,1
228736078939291648,1
228738064863322112,1
228740481118367744,1
228744002235228160,1
228748471983202304,1
228751873789476864,1
228758525195542528,1
228758526212231168,1
228762459821645824,1
228763420413231104,1
228763558430269440,1
228764310463488000,1
228766853359902720,1
228780678633771008,1
228783654739165184,1
228787187741347840,1
228790292767854592,1
228796669920096256,1
228796785349722112,1
228805613765914624,1
228806760242675712,1
228807705335111680,1
228808311698382848,1
228815965330022400,1
228819646937047040,1
228822738382249984,1
228824500431953920,1
228826283434913792,1
228832244183592960,1
228841924094029824,1
228842883368779776,1
228846424861249536,1
228846524374249472,1
228847480209563648,1
228849140205146112,1
228850342641319936,1
228851805241147392,1
228851970363002880,1
228852974223663104,1
228853680985997312,1
228853761437368320,1
228854499385237504,1
228854697063694336,1
228855540655259648,1
228858902606254080,1
228862289578704896,1
228863868743081984,1
228864592534274048,1
228866327103365120,1
228866585482358784,1
228869057978118144,1
228869083264233472,1
228872563444785152,1
228875822171762688,1
228876254276018176,1
228880068312297472,1
228880116294377472,1
228882643099807744,1
228887485774745600,1
228890685738549248,1
228900335067000832,1
228900371942453248,1
228908496770576384,1
228915463548452864,1
228917886074032128,1
228927204263784448,1
228931497159532544,1
228931795748655104,1
228935255929085952,1
228937364499279872,1
228952123067400192,1
228984629851607040,1
228991738408837120,1
229032191841812480,1
229039364339482624,1
229044841304850432,1
229053359030255616,1
229057253833986048,1
229062754224570368,1
229066289548718080,1
229072413565452288,1
229073329087905792,1
229075978869297152,1
229078666970812416,1
229103645051793408,1
229105790963998720,1
229109710959403008,1
229112087592402944,1
229113636597071872,1
229121844961177600,1
229123492353003520,1
229128883225423872,1
229139985207025664,1
229142952104370176,1
229149481858957312,1
229153180236075008,1
229154717025861632,1
229155342513631232,1
229157266892636160,1
229159267730558976,1
229160170146947072,1
229166055951994880,1
229167496471904256,1
229170363602087936,1
229174505893523456,1
229176978358251520,1
229178921067761664,1
229179436085313536,1
229187034209042432,1
229190184635772928,1
229190924069429248,1
229190959426883584,1
229202097804173312,1
229204218964512768,1
229204330265587712,1
229207407126462464,1
229210008457248768,1
229216710421827584,1
229217624279318528,1
229218854054412288,1
229219781462466560,1
229221543371812864,1
229221612919238656,1
229222436052742144,1
229234162693652480,1
229234620515393536,1
229240345434693632,1
229240428582182912,1
229241583170449408,1
229241870116532224,1
229245203854041088,1
229245630343065600,1
229246430665928704,1
229247377553817600,1
229249410073112576,1
229249886032449536,1
229252748890853376,1
229259041806925824,1
229264008602972160,1
229265811199533056,1
229268232743567360,1
229272500338790400,1
229282155004649472,1
229283578631311360,1
229283778244038656,1
229286899111903232,1
229291071434874880,1
229297219945947136,1
229299566393917440,1
229312178359681024,1
229314476422975488,1
229341376592633856,1
229366334873538560,1
229384134406713344,1
229401836916457472,1
229417439318732800,1
229431969151811584,1
229437531024474112,1
229441629590212608,1
229441690992095232,1
229442879168385024,1
229443953951526912,1
229446221961437184,1
229454629691805696,1
229455815950667776,1
229457603346747392,1
229460253195567104,1
229461228542656512,1
229461779283116032,1
229477448325844992,1
229478295783174144,1
229484730065731584,1
229488604348690432,1
229493235889475584,1
229496816690413568,1
229503903130558464,1
229513274521690112,1
229514503399182336,1
229517209269555200,1
229517540288901120,1
229517804940304384,1
229517945065746432,1
229519519541456896,1
229522469821431808,1
229523833747255296,1
229524806924472320,1
229527588412542976,1
229528357970243584,1
229537250868154368,1
229538246345490432,1
229538826955919360,1
229541379649314816,1
229543931826266112,1
229547882641100800,1
229549104228454400,1
229556402004865024,1
229561636442726400,1
229565101997768704,1
229569592736452608,1
229572319608770560,1
229572773434753024,1
229575489031319552,1
229576602537488384,1
229578836311724032,1
229579569518596096,1
229585129263120384,1
229589749715968000,1
229591794091913216,1
229591881225236480,1
229595526479159296,1
229599728218767360,1
229600547027427328,1
229602402752921600,1
229602517483732992,1
229604628563034112,1
229608848876974080,1
229609709559238656,1
229610509798510592,1
229611118439165952,1
229614081446772736,1
229614171929911296,1
229622029647921152,1
229625046158565376,1
229630219377868800,1
229633588929900544,1
229634749001711616,1
229635743613657088,1
229641550314278912,1
229647128598089728,1
229647299907555328,1
229647335068880896,1
229651433754648576,1
229663005993820160,1
229677535649837056,1
229677714968285184,1
229684084911984640,1
229718241540702208,1
229748326298312704,1
229774196782895104,1
229786814065287168,1
229790055124373504,1
229791093103149056,1
229791341126287360,1
229806793038131200,1
229807287523315712,1
229807447843016704,1
229813652184371200,1
229819307124506624,1
229820166376599552,1
229821212066021376,1
229823625701756928,1
229825363405914112,1
229825840770547712,1
229839168524529664,1
229839870389473280,1
229841383380574208,1
229850059085709312,1
229850337600794624,1
229850910985084928,1
229853169935335424,1
229857678053650432,1
229859077550358528,1
229861117721108480,1
229865552885555200,1
229867782799192064,1
229870304326344704,1
229870727153238016,1
229871576144703488,1
229871766796865536,1
229873135801929728,1
229874022346452992,1
229874801573769216,1
229881795995348992,1
229882443800391680,1
229883544611237888,1
229884322136186880,1
229889379130195968,1
229897314558160896,1
229898791250403328,1
229899853223997440,1
229905927852961792,1
229906774971338752,1
229912259925110784,1
229912993191358464,1
229917675255037952,1
229919985382244352,1
229920050164858880,1
229923251298750464,1
229923287926071296,1
229924377692004352,1
229930469744816128,1
229930708553838592,1
229931768722669568,1
229932698927124480,1
229934020200198144,1
229934144491753472,1
229940337974996992,1
229940673667956736,1
229941719812849664,1
229943499940995072,1
229944975837454336,1
229947382098796544,1
229948006505725952,1
229948513134256128,1
229949017866264576,1
229951459678117888,1
229952132283936768,1
229954405945012224,1
229955552124035072,1
229958761864318976,1
229963788863107072,1
229964660852555776,1
229966902314500096,1
229967268442836992,1
229967407565701120,1
229968686734327808,1
229970888399405056,1
229972650480607232,1
229972764444536832,1
229973923070107648,1
229975452092469248,1
229975633575342080,1
229977396300046336,1
229978161536081920,1
229979976919654400,1
229980135393914880,1
229980272382795776,1
229981136718213120,1
229981887012429824,1
229983482523459584,1
229984128105537536,1
229985615595790336,1
229986029800087552,1
229989309583208448,1
229991828085485568,1
229993343763288064,1
229995079778963456,1
229995216000675840,1
229995675059937280,1
230002518856445952,1
230002870874550272,1
230006303275302912,1
230007087827939328,1
230007665205497856,1
230012852852281344,1
230013033283244032,1
230018120374710272,1
230022531464298496,1
230029030344941568,1
230033348992294912,1
230038733609025536,1
230044499225022464,1
230057270816428032,1
230057910542495744,1
230074164163301376,1
230075891332374528,1
230088004741275648,1
230115215116845056,1
230136355521548288,1
230140860437614592,1
230141690262016000,1
230143793092030464,1
230150150902390784,1
230150479379509248,1
230151290386632704,1
230151952868343808,1
230153237587288064,1
230159710319628288,1
230161826259431424,1
230167067832381440,1
230169158858100736,1
230171815711830016,1
230173179046871040,1
230175271445626880,1
230181895500369920,1
230187333130342400,1
230189224511074304,1
230190344054284288,1
230190678413504512,1
230191332157513728,1
230192181121888256,1
230194555651923968,1
230195747618422784,1
230197809410412544,1
230198531668975616,1
230198890843328512,1
230200780704907264,1
230204726544003072,1
230206277859364864,1
230206378789003264,1
230207158066466816,1
230207915333787648,1
230208491625541632,1
230209707631304704,1
230209820794974208,1
230212057068486656,1
230213037314174976,1
230213386299027456,1
230213845597339648,1
230222213874716672,1
230223167127973888,1
230224247530024960,1
230226611321651200,1
230227953433841664,1
230228666256433152,1
230228891811180544,1
230230203961286656,1
230230336427311104,1
230231813284675584,1
230232460935258112,1
230233098485882880,1
230233940012367872,1
230233946583912448,1
230237591764713472,1
230240294254292992,1
230240619467825152,1
230241210146213888,1
230241604608524288,1
230241761462931456,1
230242130600374272,1
230244068857634816,1
230246758843006976,1
230248282848256000,1
230249628382035968,1
230253809412468736,1
230255599089930240,1
230256894564380672,1
230267114033299456,1
230268266948419584,1
230270361463107584,1
230276221751599104,1
230276450988027904,1
230277036307959808,1
230280994601320448,1
230281556237213696,1
230281847364001792,1
230281877413019648,1
230281932149698560,1
230282504645562368,1
230284198766698496,1
230286220066332672,1
230287310374957056,1
230287367570075648,1
230287790815842304,1
230287964300865536,1
230289078732365824,1
230289270991519744,1
230290193278119936,1
230292889852121088,1
230293200335769600,1
230294105845809152,1
230294498837676032,1
230294727558701056,1
230294800866422784,1
230294811365470208,1
230295267632078848,1
230298203385069568,1
230298642060201984,1
230300283022385152,1
230300575182397440,1
